36737
199
196 192
167 145
165 118
160 143
6 73
145 169
90 71
175 79
123 186
102 138
43 8
154 142
127 145
174 76
154 171
187 21
59 5
33 24
27 179
183 121
1 101
51 111
76 193
156 37
177 23
63 25
81 88
90 7
40 55
186 34
117 70
10 158
74 116
27 102
174 157
199 97
150 164
51 28
80 56
178 124
91 4
157 21
182 150
88 35
132 130
188 40
63 103
167 86
36 82
196 125
141 5
163 31
194 31
123 191
160 189
109 108
37 118
31 12
25 39
148 104
17 8
87 181
135 146
1 63
48 178
24 29
55 98
45 114
111 120
144 19
108 80
5 121
147 129
145 146
44 164
150 139
43 38
101 136
91 84
72 115
88 116
24 197
52 166
113 108
95 183
41 144
194 16
146 70
168 98
120 86
66 130
13 96
66 56
39 181
22 150
70 116
21 29
27 40
196 189
86 7
82 179
78 151
5 126
123 70
92 39
152 82
59 66
162 24
72 152
137 149
27 76
127 37
100 129
70 82
22 127
62 184
180 51
9 133
101 74
31 127
167 30
166 74
192 122
122 133
26 23
17 135
192 107
130 199
7 83
76 77
119 156
73 108
82 195
9 194
21 147
62 77
48 72
176 122
42 19
3 6
130 149
159 47
2 68
24 93
53 108
63 170
143 108
69 166
171 90
159 22
121 79
140 200
110 84
12 105
76 91
96 119
145 114
188 144
43 18
155 190
67 87
140 188
104 8
94 192
32 33
172 200
164 75
99 152
177 127
32 50
27 151
103 155
19 198
89 108
134 91
124 173
5 112
60 80
65 139
85 58
170 10
167 131
64 72
106 177
47 161
54 174
75 68
185 82
85 157
136 128
11 127
144 49
57 29
46 197
135 153
14 20
163 61
188 15
115 14
