0
1
2
5
12
29
70
169
408
985
2378
5741
13860
33461
80782
195025
470832
1136689
2744210
6625109
15994428
38613965
93222358
225058681
543339720
311738114
166815941
645369996
457555926
560481841
578519601
717521036
13561659
744644354
502850360
750345067
3540480
757426027
518392527
794211074
106814661
7840389
122495439
252831267
628157973
509147206
646452378
802051955
250556274
303164496
856885266
16935014
890755294
798445595
487646470
773738528
35123512
843985552
723094609
290174756
303444114
897062984
97570068
92203113
281976294
656155701
594287689
844731072
283749819
412230703
108211218
628653139
365517489
359688110
84893702
529475514
143844723
817164960
778174636
373514218
525203065
423920341
373043740
170007814
713059368
596126543
905312447
406751423
718815286
844381988
407579248
659540477
726660195
112860853
952381901
17624641
987631183
992887000
973405169
939697324
852799803
645296916
143393621
932084158
7561923
947208004
901977924
751163838
404305586
559775003
523855585
607486166
738827910
85141972
909111854
903365673
715843186
335052031
385947241
106946506
599840253
306627005
213094256
732815517
678725283
90266069
859257421
808780904
476819215
762419327
1657855
765735037
533127922
831990874
197109656
226210179
649530014
525270200
700070407
925411007
550892407
27195807
605284021
237763842
80811698
399387238
879586174
158559572
196705311
551970194
300645692
153261571
607168834
367599232
342367291
52333807
447034905
946403617
339842125
626087860
592017838
810123529
212264882
234653286
681571454
597796187
877163821
352123815
581411444
514946696
611304829
737556347
86417509
910391365
907200232
724791815
356783848
438359504
233502849
905365202
44233239
993831680
31896585
57624843
147146271
351917385
850981041
53879453
958739947
971359340
901458613
774276552
450011703
674299951
798611598
271523133
341657857
954838847
251335537
457509914
166355358
790220630
746796611
283813838
314424280
912662398
139749062
192160515
524070092
240300692
4671469
249643630
503958729
257561081
19080884
295722849
610526582
516776006
644078587
804933173
253944919
312823004
879590927
72004844
23600608
119206060
262012728
643231516
548475753
740183015
28841769
797866553
624574868
47016275
718607418
484231104
687069619
858370335
403810275
665990878
735792024
137574912
10941841
159458594
329859029
819176652
968212326
755601290
479414892
714431067
908277019
530985091
970247194
471479465
913206117
297891685
508989480
315870638
140730749
597332136
335395014
268122157
871639328
11400799
894440926
800282644
495006200
790295037
75596260
941487557
958571367
858630277
675831907
210294077
96420054
403134185
902688424
208511019
319710455
847931929
15574299
879080527
773735346
426551205
626837749
680226696
987291134
654808950
296909020
248626983
794162986
836952948
468068868
773090677
14250208
801591093
617432387
36455853
690344093
417144032
524632150
466408325
457448793
381305904
220060594
821427092
862914771
547256620
957428004
462112614
881653225
225419050
332491318
890401686
113294676
116991031
347276738
811544507
970365745
752275983
474917697
702111370
879140430
460392216
799924855
60241912
920408679
901059263
722527191
346113631
414754446
175622516
765999478
707621465
181242394
70106246
321454886
713016018
747486915
207989834
163466576
534922986
233312541
1548061
236408663
474365387
185139430
844644247
874427917
593500067
61428037
716356141
494140312
704636758
903413821
511464386
926342586
364149544
654641667
673432871
1507395
676447661
354402710
385253074
124908851
635070776
395050396
425171561
245393511
915958583
77310663
70579902
218470467
507520836
233512132
974545100
182602318
339749729
862101776
63953267
990008310
43969873
77948049
199865971
477679991
155225946
788131883
731489705
251111279
233712256
718535791
670783831
60103439
790990709
642084850
75160395
792405640
659971668
112348962
884669592
881688139
648045856
177779837
3605523
184990883
373587289
932165461
237918197
408001848
53921886
515845620
85613119
687071858
459756828
606585507
672927835
952441170
577810161
108061478
793933117
695927705
185788513
67504724
320797961
709100646
738999246
187099124
113197487
413494098
940185683
293865450
527916576
349698595
227313759
804326113
835965978
476258055
788482081
53222203
894926487
843075170
581076813
5228782
591534377
188297529
968129435
124556385
217242198
559040781
335323753
229688280
794700313
819088899
432878097
684845086
802568262
289981596
382531447
55044483
492620413
40285302
573191017
186667329
946525675
79718665
105962998
291644661
689252320
670149294
29550894
729251082
488053051
705357177
898767398
502891959
904551309
311994563
528540428
369075412
266691245
902457902
71607035
45671965
162950965
371573895
906098755
183771391
273641530
731054451
735750425
202555287
140860992
484277271
109415527
703108325
515632170
734372658
984377479
703127602
390632669
484392933
359418528
203229982
765878492
734986959
235852396
206691744
649235884
505163505
659562887
824289272
308141417
440572099
189285608
819143315
827572231
474287763
776147750
26583249
829314248
685211738
199737710
84687151
369112012
822911175
14934348
852779871
720494083
293768023
308030122
909828267
127686642
165201544
458089730
81380997
620851724
323084438
267020593
857125624
981271834
819669278
620610376
60890016
742390408
545670825
833732051
213134913
260001870
733138653
726279169
185696977
97673116
381043209
859759534
100562263
60884053
222330369
505544791
233419944
972384679
178189288
328763248
835715784
194802
836105388
672405571
180916516
34238596
249393708
533026012
315445725
163917455
643280635
450478718
544238064
538954839
622147735
783250302
188648325
160546945
509742215
180031368
869804951
919641263
709087463
337816175
384719806
107255780
599231366
305718505
210668369
727055243
664778848
56612925
778004698
612622314
3249312
619120938
241491181
102103293
445697767
993498827
432695407
858889634
150474661
159838949
470152559
100144060
670440679
441025411
552491494
546008392
644508271
835024927
314558111
464141142
242840388
949821918
142484210
234790331
612064872
458920068
529905001
518730063
567365120
653460296
874285705
402031692
678349082
758729849
195808766
150347374
496503514
143354395
783212304
709778996
202770282
115319553
433409388
982138329
397686032
777510386
952706797
682923966
318554715
320033389
958621493
237276361
433174208
103624770
640423748
384472259
409368259
203208770
815785799
834780361
485346507
805473368
96293229
998059826
92412867
182885553
458183973
99253492
656690957
412635399
481961748
376558888
235079517
846717922
928515354
703748616
336012572
375773753
87560071
550893895
189347854
929589603
48527046
26643688
101814422
230272532
562359486
354991497
272342473
899676443
71695345
43067126
157829597
358726320
875282237
109290780
93863790
297018360
687900510
672819373
33539242
739897857
513334949
766567748
46470431
859508610
765487644
390483884
546455405
483394687
513244772
509884224
533013213
575910643
684834492
945579620
575993718
97567042
771127802
639822639
50773066
741368771
533510601
808389966
150290519
108970997
368232513
845436023
59104545
963645113
986394764
936434627
859264004
654962621
169189232
993341085
155871388
305083854
766039096
837162039
440363160
717888352
876139857
470168052
816475954
103119946
22715839
148551624
319819087
788189798
896198676
580587136
57372934
695333004
448038935
591410867
630860662
853132184
337125016
527382209
391889427
311161056
14211532
339584120
693379772
726343657
146067072
18477794
183022660
384523114
952068888
288660876
529390633
347442135
224274896
795991927
816258743
428509399
673277534
775064460
223406440
221877333
667161106
556199538
779560175
115319874
10199916
135719706
281639328
698998362
679636045
58270438
796176921
650624273
97425453
845475179
788375804
422226773
632829343
687885452
8600233
705085918
418772062
542630035
504032125
550694278
605420674
761535619
128491898
18519408
165530714
349580836
864692386
78965594
22623567
124212728
271049023
666310774
603670564
873651895
350974340
575600568
502175469
579951499
662078460
904108412
470295270
844698945
159693146
164085230
487863606
139812435
767488476
674789380
117067222
908923824
934914863
778753536
492421921
763597371
19616649
802830669
625277980
53386615
732051210
517489028
767029259
51547532
870124323
791796171
453716651
699229466
852175576
403580604
659336777
722254151
103845065
929944281
963733620
857411507
678556620
214524733
107606079
429736891
967079861
363896599
694873052
753642696
202158430
157959549
518077528
194114598
906306724
6728032
919762788
846253601
612269976
70793539
753857054
578507640
910872327
400252280
711376880
823006033
357388932
537783890
432956705
403697293
240351284
884399861
9150992
902701845
814554675
531811181
878177030
288165227
454507477
197180174
848867825
894915817
638699445
172314693
983328831
138972341
261273506
661519353
584312205
830143756
244599703
319343155
883286013
85915167
55116340
196147847
447412034
90971908
629355850
349683601
328723045
7129684
342982413
693094510
729171426
151437348
32046115
215529578
463105271
141740113
746585497
634911100
16407683
667726466
351860608
371447675
94755951
560959577
216675098
994309773
205294630
404899026
15092675
435084376
885261427
205607216
296475852
798558920
893593685
585746276
65086223
715918722
496923660
709766035
916455723
542677467
1810643
546298753
94408142
735115037
564638209
864391448
293421091
451233623
195888330
843010283
881908889
606828047
95564969
797957985
691480932
180919835
53320595
287561025
628442645
544446308
717335254
979116809
675568858
330254511
336077873
2410250
340898373
684206996
709312358
102831698
914975754
932783199
780542138
493867461
768277053
30421553
829120159
688661864
206443873
101549603
409543079
920635761
250814587
422264928
95344436
612953800
321252029
255457851
832167731
919793306
