3 2
1 2
-3 1
2 1

1 2
0 2

1 2
0 1

1 2
0 3

2 5
0 3
7 4

2 5
0 3
-1 4

2 5
0 3
0 4

2 5
0 3
-8 4

5 5
1 2
2 3
3 4
4 5
5 6

10 5
0 3
4 3
8 3
-4 3
-8 3
0 4
3 4
6 4
-3 4
-6 4

844 5
-2 4
5 4
-62 3
-19 4
-48 4
-84 4
-33 3
-3 4
27 3
-42 4
-73 4
39 3
51 4
-59 3
-87 4
11 4
54 3
-78 4
31 4
29 4
27 4
88 3
81 3
-72 3
52 3
-99 4
-42 3
43 3
91 3
80 3
55 4
67 3
45 3
9 3
-41 4
28 3
26 4
-8 3
-46 3
-40 3
-63 4
93 4
0 3
-32 4
6 4
77 3
-32 3
-52 3
24 3
37 3
-20 3
-94 3
-85 4
49 4
94 4
83 4
95 3
37 4
-64 3
43 4
-16 4
-80 3
89 4
84 4
-85 3
72 3
98 4
96 3
-51 3
82 4
74 4
9 4
95 4
78 4
16 3
23 3
73 4
-17 4
-82 3
-43 4
-49 3
-91 3
12 4
48 3
-31 4
-36 3
97 3
-35 4
-49 4
-80 4
86 3
73 3
60 3
-1 4
-33 4
10 3
10 4
46 3
23 4
-29 3
99 3
-8 4
41 4
-18 3
-2 3
-92 3
87 4
51 3
-44 4
28 4
35 4
-62 4
-70 4
-3 3
-61 3
-39 3
-86 3
-10 3
-5 3
-47 4
-67 4
-91 4
-28 4
-81 3
-14 4
-46 4
49 3
58 4
-23 3
69 4
56 3
-88 4
97 4
-14 3
29 3
61 3
24 4
-22 4
-21 3
34 4
-54 3
4 3
71 3
-15 3
15 3
59 3
-23 4
46 4
-40 4
41 3
93 2
-34 5
-74 5
68 5
-60 5
50 4
5 1
-42 1
-39 1
71 4
-27 3
1 2
-26 4
31 3
81 4
-16 1
-63 3
75 2
35 2
9 2
51 5
0 4
-18 4
20 5
17 2
1 4
-72 1
-22 1
-96 2
96 4
52 1
-58 1
-2 2
-52 1
32 1
-34 3
-57 1
-92 2
-2 1
-57 3
-65 4
80 1
-55 3
47 5
14 3
-69 1
24 5
-89 5
-63 5
48 4
74 2
-53 4
72 1
75 1
-29 4
-27 4
55 3
14 4
-54 5
36 5
12 1
-44 2
-98 5
-37 5
-26 5
31 1
57 4
-1 2
44 3
-92 1
66 1
91 5
-32 1
-37 2
85 4
-18 2
7 1
6 5
-12 5
-52 5
18 5
7 4
-56 5
69 3
54 4
-71 3
-38 2
-46 5
55 1
74 3
61 1
-99 2
-88 1
-54 2
40 3
55 2
-3 5
-1 5
23 5
70 4
-96 1
-98 4
-56 3
84 3
-20 2
16 2
-59 2
-88 5
-94 1
-30 1
73 5
-65 2
-73 1
-9 2
83 1
8 5
-67 5
11 1
-17 5
78 3
-69 5
68 2
47 4
85 2
-26 3
26 5
65 1
93 5
-76 4
-71 4
38 4
49 5
-31 3
-47 2
-18 1
36 2
45 5
38 1
-82 4
-61 5
87 2
-45 3
-40 1
-68 2
17 4
-82 5
97 2
19 2
-85 5
34 2
-86 4
98 1
-74 1
88 5
57 2
-33 2
88 1
57 5
-90 4
-4 1
-24 3
-69 2
-97 2
38 2
0 2
22 3
-40 5
13 5
64 2
11 3
-17 3
-45 4
17 5
21 1
-36 5
-3 1
32 4
-66 3
45 4
90 2
10 2
94 1
82 3
-67 1
27 5
76 5
95 2
94 3
-98 2
27 2
-10 2
-59 5
-48 5
83 2
85 1
94 2
-6 5
8 4
62 4
36 4
6 1
-94 4
-93 3
-75 5
-73 5
52 4
3 4
32 2
47 1
-58 4
40 5
68 4
-47 1
-86 2
40 4
69 5
33 2
36 1
77 4
-14 1
-14 2
67 5
26 3
76 4
19 1
-79 3
-72 2
-13 3
65 2
25 3
-46 1
-84 3
27 1
-71 1
-95 1
65 3
-34 4
-84 5
-28 1
18 4
-76 1
-61 2
46 2
-17 1
70 5
35 3
-27 5
98 3
79 1
-56 1
-76 2
2 5
-52 4
-92 5
-29 1
-44 5
-13 5
-79 5
-4 4
42 5
-55 4
-39 5
-83 2
-43 2
1 3
-78 2
33 3
80 4
-81 1
66 2
-54 4
-22 3
-38 5
13 4
-34 2
-86 1
-45 5
-6 1
-30 4
64 5
90 3
-90 3
-23 5
-21 2
-52 2
-9 1
29 5
95 1
65 4
-15 5
-36 4
59 5
1 1
95 5
56 2
-6 3
-51 4
47 3
80 5
-24 4
82 2
26 2
45 2
93 3
-25 2
-80 1
-64 4
-39 4
16 5
-69 3
-83 1
-95 2
-97 3
-11 2
50 3
-60 1
-71 5
42 4
74 1
-91 1
39 4
-72 4
67 1
-9 3
-68 5
-21 5
88 4
76 2
-70 2
79 2
-19 2
-82 2
-80 5
60 2
30 3
-98 1
63 1
72 4
62 5
-89 1
-24 5
82 1
93 1
83 5
-66 1
8 2
98 5
-16 3
22 4
-53 3
-81 2
-21 1
61 5
-47 5
50 2
8 1
55 5
99 5
-30 3
58 5
-25 3
0 1
-20 5
-47 3
-53 1
-82 1
43 1
-83 5
11 2
-29 5
61 2
38 3
20 4
-35 5
-7 3
86 4
-41 2
-79 4
63 3
-15 2
51 2
-78 1
-58 2
-70 3
37 1
46 5
82 5
75 4
-15 1
-94 5
-85 1
-73 2
-93 5
53 1
3 5
81 1
-68 4
46 1
5 2
68 1
-87 2
-7 2
39 1
52 5
2 2
-97 1
47 2
-84 1
-74 2
-5 5
-31 5
41 5
63 5
-93 4
-63 2
15 5
-99 3
-30 2
-57 5
-90 5
15 2
78 5
97 5
-4 2
-13 1
-85 2
-83 3
73 1
-37 1
-50 5
60 1
31 2
-58 5
-42 2
59 2
31 5
-78 5
-1 3
-11 3
16 4
97 1
-4 5
-38 3
-40 2
85 3
-55 5
53 5
-95 4
-73 3
-21 4
-48 1
-15 4
-63 1
-22 5
-1 1
77 1
-64 2
-12 2
72 5
60 4
-5 4
-45 2
-91 2
30 1
71 1
-34 1
-4 3
-48 2
-81 4
32 3
26 1
3 3
64 4
86 1
-60 4
-7 4
12 5
-20 4
-35 3
44 2
40 1
25 2
54 5
-70 5
96 1
86 5
18 3
-66 5
38 5
48 2
-83 4
-25 4
-68 1
-66 4
68 3
-53 2
21 5
10 1
-23 1
79 5
20 2
21 4
-56 4
37 2
-14 5
-76 5
80 2
25 4
16 1
-32 2
-98 3
87 3
92 3
6 2
32 5
49 2
75 3
-56 2
5 3
34 3
92 1
-27 1
-68 3
22 2
-51 1
-65 5
-49 1
70 3
-92 4
-72 5
-61 4
24 1
-6 2
64 1
-24 1
61 4
-50 2
18 2
28 2
-91 5
-75 2
-77 1
19 4
58 1
17 3
-27 2
-50 4
96 5
3 2
67 2
91 1
72 2
-95 3
84 1
-84 2
-99 5
-81 5
50 1
-28 5
-8 1
-78 3
-10 5
-67 3
-77 2
40 2
85 5
69 2
78 1
90 4
92 2
35 1
-29 2
-74 4
-54 1
64 3
-43 1
14 5
-6 4
77 5
-11 4
-51 5
43 5
22 1
98 2
-89 2
45 1
25 5
91 2
-74 3
-44 1
79 3
-33 5
76 1
-94 2
91 4
-80 2
89 5
83 3
28 5
-26 2
3 1
78 2
56 1
35 5
30 2
-8 2
-59 4
87 5
19 5
7 2
66 4
-86 5
-31 2
30 4
66 3
62 1
28 1
70 1
89 1
-60 3
42 2
-66 2
90 1
29 2
-20 1
-67 2
-23 2
90 5
-62 5
-43 3
-12 1
-69 4
57 3
-37 3
-13 4
15 1
13 2
44 4
89 3
-9 5
-19 3
-5 1
-24 2
22 5
51 1
66 5
88 2
-5 2
-90 1
-28 3
84 2
56 4
33 5
-9 4
-30 5
-96 4
-22 2
-48 3
52 2
9 5
-49 2
17 1
-10 4
76 3
-36 2
18 1
67 4
9 1
75 5
4 2
62 3
4 4
12 2
-12 3
6 3
-16 2
-97 4
-19 5
43 2
77 2
-50 1
20 1
-90 2
25 1
23 2
-7 5
-35 1
23 1
-57 2
81 2
-19 1
71 5
-64 1
-57 4

551 85
-62 13
-67 13
-41 84
7 84
-24 13
64 84
50 13
-98 13
49 13
-3 84
97 13
-75 84
-73 84
-15 84
-2 13
70 13
17 84
-73 13
-61 13
7 13
-31 84
87 84
75 13
81 84
41 13
76 13
-56 13
37 13
-57 13
27 13
-8 13
60 13
-62 84
61 13
-53 13
31 84
32 13
-32 13
82 84
35 84
86 13
77 13
48 84
39 84
4 13
-6 84
72 84
-35 13
-1 13
-52 84
91 13
62 84
24 13
67 13
1 84
-82 84
90 13
-20 13
-70 84
33 13
-42 84
42 13
-8 84
97 84
-28 84
85 84
-81 13
-59 84
45 84
-80 84
88 13
71 84
-82 13
-51 13
-90 84
-90 13
-14 84
-41 13
-67 84
30 84
52 84
-57 84
-45 13
-93 13
-27 84
73 13
-78 84
13 13
14 84
-29 13
-37 84
-31 13
-23 13
34 13
-34 84
26 84
43 13
32 84
44 84
-46 84
69 84
-12 84
-97 13
1 13
-10 13
80 13
-96 84
-39 84
8 13
-25 13
27 84
-9 84
-70 13
-45 84
94 13
-95 13
-12 13
-29 84
78 13
-48 13
15 84
-69 84
36 13
56 84
-58 84
99 13
49 84
93 13
-75 13
3 13
-38 84
66 13
70 84
-79 84
-5 84
-55 13
73 84
-25 84
80 84
13 84
74 13
-64 13
38 84
-4 13
23 84
-92 13
2 84
98 84
-85 84
-2 84
70 46
30 51
52 70
-65 15
46 11
-24 85
1 83
-60 11
-23 28
-55 22
26 20
92 49
57 55
45 70
-77 27
0 24
-40 27
-5 56
10 65
9 82
-96 15
-62 15
15 40
-82 6
-9 49
-67 79
-85 43
68 49
86 38
83 78
39 11
5 46
-18 66
-36 45
7 42
-79 33
44 77
-4 23
92 81
-97 2
-9 46
43 8
9 69
41 53
89 58
85 73
-72 2
-7 29
-37 43
-15 26
-3 12
-75 19
-99 43
81 49
-2 58
55 42
34 54
-56 74
18 38
-37 30
-13 58
-6 58
36 38
-97 76
-79 45
6 54
37 3
64 59
-36 59
-82 34
-4 15
-38 59
-5 83
38 44
-32 44
-43 12
63 2
47 13
49 50
-7 14
89 3
-33 13
43 2
8 59
-35 77
58 31
-60 81
-81 39
90 71
42 73
-32 25
-41 55
-32 42
72 64
15 21
51 14
-17 12
-95 55
-3 25
-5 51
-18 53
5 50
-44 38
-22 4
40 35
14 17
25 35
-12 36
55 80
50 29
43 6
88 40
4 36
25 43
3 6
45 52
83 30
-31 33
35 64
81 38
-13 8
-28 54
-87 76
-76 35
98 5
-21 32
-79 37
-85 42
-17 25
-70 63
91 39
31 26
26 51
-37 12
-74 58
-61 47
65 45
85 7
-58 29
67 14
-9 62
-85 6
3 2
-60 31
33 29
94 2
44 33
33 35
-26 1
32 80
71 37
-55 17
-10 77
-55 53
16 1
-23 44
22 41
-50 54
78 14
28 47
-42 75
-77 62
-70 41
-27 14
-48 45
62 23
82 81
-44 41
11 30
-16 80
60 3
32 75
-61 61
9 76
-99 1
12 71
-3 30
8 1
15 64
24 21
-57 1
-83 26
32 34
36 30
93 54
-39 82
-43 68
1 6
8 16
66 24
20 4
-11 3
-46 75
85 51
55 79
80 21
-34 58
-76 2
-97 67
-88 79
-17 9
58 67
71 75
-55 51
-56 17
-77 48
24 45
-9 44
96 37
-23 46
59 38
81 27
33 9
99 25
91 33
-79 18
-77 58
18 34
-87 85
61 81
-33 14
-61 3
-86 85
-79 73
-77 21
-73 66
-89 24
51 78
-77 8
-61 56
-39 19
84 26
25 25
83 71
-5 38
91 15
77 78
-10 65
-34 56
-74 47
8 23
96 82
22 1
3 33
24 12
-98 41
-29 37
-6 64
55 72
78 4
-80 18
36 60
-77 28
99 14
-56 49
7 4
85 58
-79 67
96 74
-95 51
51 64
77 5
17 23
79 56
14 45
-29 62
-72 15
-22 35
-72 36
-91 48
47 29
-97 3
18 64
67 38
68 42
58 7
50 82
76 76
-72 72
-32 7
-88 5
68 79
-29 59
-95 63
-48 26
-68 51
14 23
-33 52
-63 44
45 21
-6 60
64 31
-30 26
-5 59
-95 20
54 63
-24 8
-79 13
21 32
-38 42
71 69
-69 20
-38 85
83 33
-3 51
92 65
60 12
33 82
-45 78
-42 54
16 28
79 23
30 74
91 27
24 44
-75 17
-9 54
-73 28
99 49
85 47
-15 71
40 39
89 73
-82 55
64 67
-4 55
70 57
32 82
29 70
-85 9
32 42
-10 57
86 66
8 20
-15 32
-29 5
-70 20
75 32
-64 14
-37 11
-63 13
-63 83
-88 72
-82 85
-84 44
-14 51
6 60
-82 28
57 84
62 3
-35 4
-77 30
68 35
-96 71
57 14
-2 64
60 2
28 80
35 80
53 50
-66 51
38 85
78 48
62 21
-27 18
-34 20
-64 39
-29 83
-19 46
51 50
40 14
55 18
72 85
58 12
-90 37
-39 60
6 62
-47 28
-45 73
-53 83
-15 42
-76 36
-99 9
-79 74
-90 20
-90 47
-16 48
77 56
47 27
32 8
28 59
6 2
2 46
-29 63
50 54
-56 82
38 38
16 6
-90 38
-54 50
69 81

138 5
-76 3
95 3
7 4
33 4
3 4
-87 3
-80 3
75 4
-64 4
-57 3
-47 4
-10 4
-9 4
-23 3
-5 3
-72 3
25 4
-13 4
57 4
-71 3
-19 4
-62 3
-54 3
83 3
-30 4
61 4
-61 4
-8 4
14 4
84 3
50 4
-81 3
-78 3
78 3
60 4
41 3
-63 4
-22 3
-80 4
2 3
-67 3
-36 4
77 3
-6 4
-24 4
-67 4
30 3
-42 4
63 3
69 4
86 3
78 4
71 3
-30 3
52 4
-77 4
-46 3
-94 4
64 4
74 3
2 4
30 4
26 4
31 4
85 3
93 3
-69 3
-5 4
-72 4
-25 4
20 4
-16 4
69 3
-60 3
27 3
-61 3
12 4
-42 3
34 3
0 4
-91 4
-86 4
-20 4
-16 3
-50 4
-32 4
-52 4
-66 3
58 4
-29 4
80 3
-18 4
-88 4
41 4
61 3
97 4
53 3
-23 4
-83 4
76 4
-93 4
-22 4
-93 3
-26 4
33 3
-97 3
90 4
18 3
93 4
-31 3
11 4
25 3
77 4
24 4
0 3
58 3
13 4
-31 1
32 3
-83 2
-14 3
13 5
4 5
71 1
96 4
-96 2
89 4
55 4
97 1
34 1
-60 1
44 4
-21 2
45 5
-11 3
0 2
-8 3
32 4

566 13
14 12
-78 5
-65 12
32 12
-7 12
-89 5
33 12
90 12
-29 5
-69 12
43 12
45 12
-31 12
-42 5
-59 5
67 5
89 5
75 5
-86 5
99 12
90 5
-21 5
10 12
5 12
78 12
-28 5
66 5
0 12
-17 12
36 5
84 12
38 5
-84 5
-32 5
-97 12
-11 12
-45 5
-99 12
60 12
-60 5
6 12
46 5
44 5
26 12
77 12
35 5
-5 12
99 5
0 5
-66 5
-77 12
82 5
5 5
-40 12
-2 12
-76 12
18 5
50 5
60 5
-20 12
-54 5
95 5
-3 5
82 12
-64 5
63 5
-12 12
81 12
37 5
-93 5
61 12
-94 5
84 5
33 5
-22 12
-29 12
-55 12
34 5
-12 5
-68 5
-67 12
-58 5
-61 12
52 5
-15 12
-51 5
65 12
-43 5
-93 12
13 5
-25 12
9 5
89 12
43 5
80 12
11 5
-63 12
-37 12
-43 12
-60 12
-36 5
74 5
23 12
-19 12
94 12
17 5
9 12
-7 5
-16 12
-33 12
3 12
75 12
-79 12
41 12
-46 5
-75 5
-72 12
34 12
72 12
23 5
-66 12
-53 5
-88 12
73 5
-85 5
15 12
-80 5
20 12
-49 5
7 5
-49 12
-19 5
-46 12
-57 12
85 5
79 12
44 12
27 5
54 12
3 5
18 12
53 12
91 5
-6 5
-78 12
40 12
-88 5
-71 5
-56 5
49 5
74 3
-5 9
51 13
68 8
-48 5
-92 6
31 1
-2 9
18 13
-35 3
83 1
43 9
36 6
41 3
-33 3
-98 1
-42 13
69 12
-89 9
-63 3
-93 3
78 13
60 11
59 13
-48 2
79 3
-38 8
-87 9
-46 8
99 4
58 12
74 4
29 13
20 7
64 6
-10 11
-98 4
-12 3
29 3
0 8
-13 8
-69 5
1 6
16 1
83 3
15 6
-75 4
66 11
54 3
-16 4
61 8
3 4
4 13
82 9
-14 10
76 1
40 2
58 13
32 3
-98 5
-54 12
55 4
-43 13
-98 12
64 9
60 6
-33 6
98 10
42 9
56 3
53 7
-75 3
-3 2
88 3
24 8
-91 6
-4 9
21 11
-16 1
94 4
-17 3
29 5
17 1
-39 3
77 3
66 9
22 1
-26 11
-57 10
67 10
34 11
50 8
-51 1
20 4
70 13
17 13
62 6
84 7
25 3
84 13
-34 9
-25 5
62 9
-56 2
-86 8
-36 8
31 3
3 10
-69 13
-31 3
40 6
53 3
42 7
93 1
40 13
15 2
-31 7
-8 11
-79 2
-13 9
-62 12
56 6
-72 13
-90 5
-44 13
-37 13
17 10
5 2
-51 13
10 11
98 9
89 9
79 2
66 4
68 12
19 3
-32 2
87 8
82 8
93 10
10 7
33 1
73 3
60 3
36 4
85 10
71 10
95 6
-11 8
-81 9
-27 11
-63 2
62 2
-12 1
51 11
24 1
22 11
-50 6
-69 10
-7 6
-21 6
-87 3
9 9
86 2
-52 9
-65 9
86 5
-60 1
0 13
90 7
2 10
6 4
-67 3
77 11
80 8
82 2
24 9
-38 6
68 9
-74 6
-15 5
9 7
-38 5
-99 7
49 4
86 9
46 1
-78 10
-35 2
-44 2
-48 9
28 10
78 5
33 8
-6 9
-38 10
-89 7
45 3
38 12
-68 10
38 1
-1 6
63 3
-52 4
50 2
74 7
-80 13
20 13
50 10
-53 12
-85 10
-87 7
55 5
59 5
-94 13
-20 6
-66 9
-14 2
-13 11
-15 7
-69 3
-84 3
87 2
45 8
-82 11
-17 9
16 12
40 9
-20 11
53 4
98 6
72 2
-50 9
-77 3
-3 11
57 10
-84 2
65 6
-43 4
49 12
93 13
-3 1
-80 4
46 2
-81 1
13 8
-44 5
-5 10
91 11
-69 6
-83 1
88 13
-19 4
31 12
-60 10
-75 13
-35 12
65 8
-44 8
22 3
-27 6
36 13
-57 4
-95 1
-83 7
57 12
-66 6
-39 10
27 13
25 2
27 1
-20 3
-60 4
47 7
99 9
19 12
87 3
6 7
-75 1
-29 7
78 8
-1 4
-37 5
-63 1
-79 4
31 6
-13 3
98 8
43 8
93 6
-42 3
-84 10
-46 10
63 7
52 4
-10 1
-88 1
-54 8
-90 6
-66 1
46 8
80 11
-55 4
-12 11
-81 7
39 10
-46 9
6 11
-75 6
-97 4
75 10
52 11
-89 11
23 13
17 4
47 6
-92 10
-3 3
-51 11
-4 12
77 10
36 11
-23 13
-68 11
83 2
64 5
-48 7
-63 10
77 13
-87 2
-66 2
-95 3
96 9
-1 3
30 13
52 7
-83 13
11 1
-73 9
-49 9
0 6
-28 4
-7 1
-11 13
-26 5
-57 13
94 1
-58 11
-92 3
-65 11
-85 6
6 13
-40 5
32 10
-79 1
-97 13
3 1
-83 3
68 13
55 2
61 9
-72 3
-89 2
11 4
7 2
94 11
34 8
83 10
48 8
-94 12
16 2
6 1
-89 10
-44 6
-15 4
-42 9
-52 11
-54 6
-15 13
-46 13
62 4
37 10
34 3
-82 1
-63 9
-81 4
-63 5
84 10
70 1
47 9
-22 13
-43 2
-70 2
-32 1
-9 4
96 1
-82 10
-40 4
0 4
7 9
-95 12
37 11
-93 2
-11 3
47 2
-31 13
97 6
-4 13
86 7
-79 3
-5 13
-64 8
27 3
-26 3
66 10
-34 10

386 25
49 7
68 7
50 24
65 7
35 24
-74 24
-31 7
-14 7
-42 7
-26 7
19 7
-38 7
-25 7
37 24
39 24
43 7
51 7
-88 7
45 24
14 7
-88 24
66 7
4 24
48 24
-10 7
-78 7
32 24
-56 7
12 7
-94 24
-65 7
-40 7
-39 24
60 24
52 24
69 24
-41 7
-60 7
-79 24
92 7
38 24
-24 24
82 7
35 7
73 7
40 24
74 7
81 7
50 7
-99 24
-74 7
-58 24
-28 7
-21 7
-17 24
-9 7
92 24
-64 7
-81 24
-68 24
-2 7
85 24
-62 7
76 7
40 7
-76 24
-85 24
-49 24
95 24
9 7
59 24
-96 7
0 24
93 7
-57 7
77 24
-35 7
78 7
-36 24
-98 24
33 24
98 7
47 7
-93 24
-94 7
-61 7
13 24
-25 24
42 7
-69 24
19 24
-86 24
2 24
-4 7
81 24
-4 24
-12 24
93 24
-15 24
63 7
-95 7
0 7
55 7
79 24
-2 24
83 24
54 7
63 24
-11 24
-27 7
-56 24
-91 24
69 7
21 24
22 7
-67 24
-49 7
-75 7
23 24
1 7
-90 24
-35 24
-26 24
-32 24
-1 24
12 24
96 7
75 24
1 24
-75 24
-15 7
-13 7
3 7
41 7
-33 7
47 24
45 7
88 7
83 7
72 24
-62 24
-58 7
61 7
-64 24
3 24
-67 7
-40 24
24 7
97 24
55 24
-94 11
37 10
-36 21
21 12
0 10
38 12
42 18
-80 5
-73 16
-36 18
6 2
-90 8
-37 19
47 8
-78 23
54 5
12 25
-82 25
-32 17
38 25
85 9
-60 16
81 5
-2 8
88 23
87 5
-43 2
94 12
-26 18
-88 16
71 21
93 2
-25 10
14 1
15 15
-20 5
30 13
83 11
-51 17
54 4
-2 23
-92 24
50 9
-68 5
19 2
50 16
-31 20
18 11
-64 25
32 4
-70 25
71 17
-47 18
-54 11
-17 6
48 14
-78 24
-33 13
26 7
-59 8
94 23
-88 18
-84 10
-51 16
-35 2
63 19
-58 8
56 16
-12 11
99 21
49 25
80 22
18 1
47 1
-98 16
52 13
36 8
-74 18
4 20
66 16
-28 2
93 16
-96 17
48 9
45 6
-26 1
19 9
20 4
-74 6
52 12
39 12
-44 11
26 14
-38 17
-18 11
-43 9
89 7
44 10
-52 21
-38 21
13 13
-70 5
-59 14
-99 21
32 19
5 22
-95 11
33 20
29 4
10 20
80 14
44 3
-6 8
60 16
-25 17
62 5
59 5
-29 5
44 21
-71 6
88 18
-96 10
82 22
-96 21
-84 12
-10 10
-18 6
6 12
-84 17
-86 1
-84 25
19 12
-13 10
97 16
-88 20
11 11
71 6
-46 5
-50 14
4 15
-72 6
-17 21
35 5
-82 7
35 23
-38 19
-56 16
88 8
76 2
53 5
27 1
3 11
44 23
-19 24
27 17
12 8
73 3
-2 15
-39 2
-76 6
-97 7
30 19
28 18
62 1
23 15
-23 13
95 18
-58 2
0 17
50 21
29 11
-80 15
71 9
-31 14
9 19
-8 25
-11 23
-58 5
71 14
73 8
13 23
84 13
62 13
-20 11
85 21
76 12
-18 18
20 11
55 25
99 25
-14 10
-37 4
16 8
5 2
-24 6
-40 12
-11 18
75 17
13 1
-16 6
-41 10
-86 10
79 9
-51 8
9 1
-16 10
28 23
-73 15
63 12
-27 10
6 22
-5 25
-45 16
-39 3
-92 8
82 21
-81 17
67 13
-7 24
26 21
-59 5
58 13
13 11
-93 5
82 15
68 12
75 7
87 24
-80 12
-99 3
-77 24
-95 4
69 3
36 21
95 20
-11 1

860 25
7 24
-85 7
69 24
46 24
-39 24
-61 7
29 7
64 7
30 7
-66 7
94 24
-17 7
79 24
94 7
-20 24
42 7
-80 24
20 24
-53 7
43 24
-16 7
84 24
-55 24
57 7
19 24
50 7
-11 24
77 7
-25 7
-59 7
-31 7
64 24
-83 7
-17 24
61 7
-78 7
-98 24
80 24
72 24
-40 24
-9 7
-16 24
39 24
-32 24
0 24
-37 7
-60 7
-93 24
33 24
-97 24
18 7
-69 7
-89 24
-25 24
80 7
-88 7
18 24
78 24
49 24
-76 24
14 24
-71 7
96 24
54 24
71 7
-38 24
67 24
52 7
34 7
-46 7
76 24
84 7
-87 24
95 7
41 7
42 24
-6 24
53 7
-12 7
2 24
-95 7
76 7
51 7
-44 7
-9 24
-99 24
22 24
9 24
-28 7
66 24
91 24
12 24
15 24
44 7
17 7
-1 7
-23 24
-10 7
73 24
-43 24
14 7
-65 24
41 24
-56 24
1 7
-55 7
-30 7
-36 24
-8 24
6 7
88 24
31 24
65 24
-82 7
-48 24
75 7
72 7
40 24
-19 7
32 24
25 7
-24 24
-44 24
5 24
16 24
-13 7
78 7
-3 7
-74 7
-47 24
-79 24
-70 7
83 7
-34 24
-79 7
-30 24
-7 24
0 7
12 7
31 7
88 7
-18 7
-81 24
-92 7
68 7
-54 7
8 7
73 7
39 7
-66 24
-65 25
87 18
-23 7
72 22
-82 8
13 5
78 17
-93 12
-49 24
-76 22
36 24
7 21
-49 16
-86 8
-9 13
20 13
-32 7
91 4
-58 3
-86 9
-28 20
-54 2
8 8
-22 19
47 14
-8 18
-83 8
43 5
-89 9
67 17
81 17
-80 1
96 1
-4 15
-87 10
-95 19
-41 22
45 15
-96 21
-45 23
48 8
89 25
39 25
-67 22
33 6
-65 8
1 17
9 2
-74 18
28 12
15 9
28 4
-92 6
-79 6
-5 8
5 6
54 3
84 18
-52 19
91 20
83 1
-10 6
-63 22
-90 1
-59 24
58 23
68 10
-33 20
35 2
-79 2
-20 15
69 23
-32 9
-58 6
-96 20
65 25
49 4
-14 12
-30 8
-27 14
13 25
-20 9
85 15
79 14
-37 13
-12 2
47 5
-31 3
-4 8
96 6
-47 23
-80 5
95 3
-99 8
-42 18
72 17
-28 2
-47 14
86 23
-10 16
38 19
-51 15
-67 2
-57 19
-33 7
28 19
-3 8
-39 22
0 21
37 1
74 19
-78 3
79 25
-96 22
74 1
91 9
82 6
76 3
1 13
98 18
26 14
-1 8
95 6
67 25
51 16
56 6
-26 18
73 23
3 4
-37 5
-43 22
-4 14
-76 14
61 23
72 15
33 5
-48 20
75 8
54 5
18 1
-14 14
25 23
-90 19
93 16
60 14
-47 16
33 4
-18 20
58 1
40 21
20 17
-25 3
32 14
87 2
40 3
13 9
7 3
-1 16
33 12
28 21
-95 2
50 10
-15 13
-19 21
82 2
-92 18
58 19
-53 11
55 6
-59 2
-65 1
-23 11
67 18
-41 18
78 9
6 8
96 12
24 24
-94 16
27 18
-25 8
37 23
-61 16
-79 25
-58 7
-27 17
-62 15
58 17
3 19
70 10
0 10
80 14
-67 15
-37 16
52 20
52 10
-89 14
-51 4
56 24
-28 3
24 16
37 11
-55 25
35 23
90 5
69 11
1 18
73 1
-14 22
5 8
-73 19
88 18
-27 21
-90 14
87 16
-63 13
7 10
59 14
-44 9
86 10
89 5
-48 18
15 15
-30 10
-30 11
-54 19
-19 2
-13 18
-68 22
59 3
99 15
36 20
71 6
-94 25
-92 25
24 9
-90 12
79 3
41 16
58 13
41 3
-26 25
-22 18
-22 7
-79 5
4 4
41 19
-16 19
75 23
-12 17
0 6
81 2
-11 21
78 25
21 15
89 20
22 7
60 19
2 12
15 21
50 17
-11 2
94 11
49 15
25 24
38 7
46 9
-57 21
-83 10
-85 1
41 2
-8 4
-88 2
60 1
26 25
-39 1
14 11
29 20
68 8
-32 19
-22 2
-34 25
-33 8
25 8
-49 1
18 16
90 18
70 6
63 12
-97 12
45 10
-72 10
40 14
7 23
58 3
-66 9
-39 17
-92 20
-17 12
-74 12
27 2
-45 15
-95 8
-27 4
42 4
29 21
-99 18
13 24
22 9
-97 13
73 25
56 4
17 13
-61 18
-77 3
42 25
-40 3
60 16
-77 22
-64 24
94 20
48 11
-45 1
46 6
-37 3
90 11
52 19
-63 14
-34 21
-9 2
39 10
84 16
35 8
71 17
-50 25
-96 25
51 24
-87 11
-55 18
97 13
-44 25
70 7
-26 24
57 16
-87 3
38 24
80 11
19 4
17 18
81 24
-59 19
17 15
-38 16
31 16
-38 4
38 17
90 22
46 20
-97 1
-66 25
3 16
-68 19
41 18
28 1
88 5
86 16
75 22
-27 3
39 3
0 8
-67 16
-53 10
-14 15
80 6
62 13
-58 9
-60 23
-62 3
-7 16
72 4
42 3
-43 2
-37 17
6 25
-4 10
5 18
94 19
-23 1
68 18
72 14
2 5
-10 2
5 13
-61 23
-93 19
-89 25
89 15
-20 22
-91 10
-50 12
-22 12
40 2
27 7
14 22
-36 9
-99 22
98 14
-75 13
-97 16
71 23
-72 22
59 25
99 14
-73 6
-81 6
47 13
14 2
7 9
-96 6
-61 13
-4 1
-34 16
43 22
58 9
10 1
57 6
-19 17
-36 13
-30 16
30 18
-24 4
-18 14
-64 4
-11 12
86 21
37 10
52 14
-92 3
-22 21
31 25
92 10
50 19
-86 5
14 15
38 6
-85 18
85 19
-60 5
17 4
-89 3
97 15
-72 6
79 4
-96 8
-84 11
83 24
33 14
17 9
62 17
25 21
63 19
21 6
79 23
-67 18
65 23
-77 8
8 19
67 12
-19 11
-41 23
-46 14
-6 4
-52 18
93 3
43 12
16 14
35 14
-41 17
-82 13
-72 13
-31 9
20 15
-42 22
99 5
-54 8
-92 17
-23 10
-35 4
7 1
-28 24
-74 6
-80 22
28 16
81 14
-10 22
70 2
-10 5
-86 6
-62 4
-8 13
-21 15
1 19
43 16
74 17
-1 12
-64 3
-11 18
64 13
-19 14
-2 21
-50 1
81 25
92 16
-30 25
17 8
-86 11
-61 4
-91 1
40 16
44 19
0 15
-8 15
-20 5
13 1
92 24
2 6
-24 14
55 22
-38 1
-39 3
-18 9
-13 22
64 15
97 12
-84 23
-96 15
-37 9
26 18
23 24
34 24
-41 15
29 17
-65 15
53 22
84 13
9 20
-75 15
62 25
4 13
56 15
88 1
52 25
49 2
-26 15
83 18
27 8
74 2
-1 5
-2 24
-99 7
83 9
53 18
-81 12
-17 18
43 17
86 5
3 23
-15 6
37 18
-47 17
28 22
60 8
-80 10
-96 5
-62 12
-38 10
95 11
-56 4
-40 15
-7 5
-2 18
42 19
70 4
14 14
29 12
-50 7
-59 18
-5 3
-18 24
-15 5
51 23
62 9
-70 6
99 17
30 9
-9 20
43 9
68 12
-43 6
-62 11
-20 6
12 25
52 15
-51 16
-24 9
-50 17
-42 4
-49 17
60 22
20 8
-46 20
81 4
-20 3
86 18
58 20
-80 25
12 1
82 15
-42 7
-48 21
62 4
-84 5
-95 17
-20 8
-14 6
-14 18
-13 12
-67 7
42 18
-69 13
8 16
21 25
-15 11
21 3
50 22
-39 12
-24 18
-8 9
-16 8
93 1
57 2
-77 4
94 5
12 19
48 25
47 8
73 14
-61 25
76 2
3 1
-68 17
59 19
-1 4
-95 9
-31 4
-82 25
-48 4
-98 14
-45 12
24 1
45 23
-45 3
-40 19
30 16
22 6
47 12
-5 5
-53 23
78 23
99 2
53 20
-78 14
-48 14
-9 16
-7 14
-1 15
-13 19
88 10
57 23
29 14
75 3
-15 24
82 7
-41 16
12 14
88 23
-97 9
82 13
-56 15
-11 1
-81 18
50 9
33 8
-55 20
0 25
-1 22
-13 3
51 4
6 22
-55 21
-28 25
81 7
-55 12
-46 3
-85 17
46 10
72 21
49 16
21 7
-43 13

340 25
-85 7
95 24
35 7
11 24
42 7
-55 7
4 24
61 24
-74 24
91 7
-78 24
-68 24
82 24
-80 24
-93 24
-14 7
83 7
-93 7
-71 7
46 24
-52 7
-7 7
73 24
34 7
-4 24
33 24
-86 24
-11 24
-16 7
-89 24
-45 7
66 7
13 7
38 7
-73 24
70 7
33 7
-41 7
20 7
-12 24
99 7
-81 24
56 7
65 7
-66 7
-39 24
-81 7
36 24
88 24
-92 24
87 24
-59 7
-13 24
-91 24
5 7
47 7
-18 24
69 7
-7 24
52 24
9 24
48 24
74 24
-65 7
40 7
-87 7
25 7
-94 7
-9 24
95 7
-97 7
-33 24
69 24
4 7
96 24
11 7
92 24
86 7
-57 24
-22 24
-10 7
-17 7
-43 24
-52 24
74 7
94 7
-3 7
-77 24
62 24
-23 24
-39 7
99 24
-69 7
-51 7
85 7
45 24
-63 24
80 7
-22 7
78 24
77 24
72 24
-17 24
25 24
21 24
-31 7
-85 24
58 24
39 7
-76 7
-66 24
-48 24
1 24
-64 24
17 24
-74 7
-80 7
-5 24
-84 7
53 24
68 7
-47 7
55 7
16 24
77 7
15 24
0 24
75 7
30 24
93 7
-98 24
-48 7
-27 24
41 24
-59 24
81 7
98 7
12 7
3 7
66 24
52 7
36 7
40 24
13 24
9 7
-72 7
-90 24
45 7
-98 7
90 24
-76 23
59 2
51 19
-6 9
-85 1
-33 25
53 23
64 5
49 6
-48 2
-41 8
-67 20
-24 12
-31 18
-88 20
-75 9
-87 16
-96 5
35 16
45 8
53 19
-15 19
-71 5
-70 13
-47 16
-29 12
-86 20
-21 11
94 21
10 14
59 13
29 7
-64 21
97 4
-66 22
-97 11
-49 3
33 16
44 14
28 1
83 8
76 9
-70 25
-44 16
-52 2
71 19
-24 11
-59 17
27 22
-43 16
23 1
35 3
-61 12
-54 14
51 3
65 20
-30 23
-63 19
-58 14
43 2
-79 2
-51 12
3 19
-50 7
6 2
7 14
-11 21
-2 24
55 25
-81 10
-6 19
57 7
-25 20
85 19
-80 16
30 10
48 19
30 6
-47 21
54 20
26 19
34 4
-51 24
9 13
-44 19
90 4
-69 4
22 14
-97 6
-94 1
0 21
-52 23
49 9
-54 22
-64 20
10 11
35 8
41 17
0 12
48 14
-57 23
2 19
-73 4
3 11
-64 8
-73 21
43 12
14 2
-36 12
-18 3
-85 5
67 5
9 15
-23 6
-32 10
-62 4
-35 17
-52 13
80 21
21 14
-91 10
9 20
-2 3
16 6
40 22
-24 25
22 21
-2 4
54 16
-14 15
78 15
37 18
-80 11
6 7
-11 13
-50 22
42 4
-49 7
-70 1
97 12
-64 25
-73 11
-20 21
-30 1
79 8
65 2
23 2
24 17
84 8
97 19
87 5
1 1
94 12
-5 21
44 15
-1 7
-13 2
-35 25
-9 16
15 3
-76 5
57 6
28 18
61 21
56 23
73 9
68 19
65 24
-33 3
-56 14
-29 21
-80 13
1 8
23 9
18 2
91 12
-98 1
-16 22
-83 11
40 4
-4 14
33 2
75 4
91 23
20 24
42 18
61 25
-91 5
35 2
-19 24

249 26
84 11
91 1
-41 2
-48 8
-46 7
-39 24
-89 25
50 13
16 3
-40 5
-86 25
30 6
26 14
51 23
-23 2
73 6
33 6
98 26
-40 17
-30 9
88 8
30 12
77 8
74 18
-33 24
-30 15
89 3
-56 25
86 12
9 22
16 22
-48 24
44 9
-22 10
99 16
-97 16
-68 6
-27 6
28 24
69 12
55 15
87 7
-24 26
80 12
52 12
31 16
-96 7
-20 9
21 12
22 25
11 18
7 16
-90 8
-78 26
-58 22
67 26
-44 4
-3 19
-73 23
-90 2
57 25
14 26
-44 9
-89 4
37 9
33 8
41 16
-27 10
24 21
-16 17
24 8
-30 8
-9 2
52 26
84 16
76 4
-13 15
-79 25
80 8
-6 21
29 23
99 5
-57 4
12 11
-35 18
94 24
94 5
-67 10
26 11
-38 25
3 8
-11 17
11 21
-34 9
-51 21
-54 16
-65 3
53 5
-13 18
-66 17
-99 5
-75 15
-44 17
-74 15
87 22
-81 21
-56 5
-7 23
-11 15
70 11
-13 13
94 14
-80 17
87 14
63 4
-99 2
62 22
39 6
-67 26
-92 13
-43 9
-9 21
55 22
-93 7
3 9
50 3
32 21
-8 18
-82 6
-33 3
-49 19
53 14
-7 9
51 13
-89 15
42 25
-1 13
-79 12
2 11
28 1
-50 18
95 23
-19 21
71 2
-42 17
-55 18
-62 11
-91 2
-98 19
72 23
-29 16
-4 2
-64 3
-24 5
90 23
23 20
67 5
16 23
99 2
43 1
93 15
-78 24
-18 8
-53 5
-47 25
8 2
52 18
-29 21
-90 7
-83 1
48 4
64 4
-45 12
-78 23
73 21
-24 17
-31 20
-62 5
-7 13
-59 1
5 22
94 11
-75 22
-18 15
33 24
67 7
-88 2
26 16
-57 23
79 20
15 5
-32 22
59 21
60 12
33 20
-88 19
-56 9
-80 6
-73 7
-32 23
74 22
-87 14
-77 13
94 25
-41 10
4 20
0 16
91 3
-98 18
99 19
-22 15
-70 7
-47 19
-72 14
-96 8
-95 6
-35 24
0 21
-86 4
77 24
92 11
81 3
35 2
-58 14
-36 19
42 3
-69 23
-9 24
-32 26
55 7
-93 2
-65 14
-68 24
19 2
93 3
27 14
36 13
50 7
-8 1
30 18
84 2
-61 11
-78 9
-62 24
0 22
81 11
14 1
-10 10
-20 18

466 25
-58 7
-36 7
70 24
92 24
24 7
77 24
-22 7
75 24
-87 24
-33 7
-79 7
51 7
8 7
-23 7
65 24
-84 24
24 24
-45 7
0 24
4 7
25 7
-33 24
88 24
-60 7
-48 7
-67 7
39 24
52 24
-83 7
38 24
-43 24
40 7
-15 24
-6 24
-27 7
17 24
46 7
-39 24
-3 24
6 24
34 24
-80 7
-34 24
7 7
66 7
8 24
-56 7
80 24
43 24
-25 24
85 24
2 7
-4 7
-88 24
11 24
-52 24
76 7
19 7
29 7
-77 7
-20 24
56 7
-54 7
48 24
48 7
-48 24
67 24
-38 7
0 7
-64 24
13 7
-27 24
3 7
50 7
-55 7
-9 7
-25 7
81 24
-21 7
-78 24
6 7
16 7
-91 24
-9 24
-56 24
25 24
-39 7
53 7
-54 24
-10 7
-86 7
90 7
-86 24
84 24
10 24
-22 24
91 24
73 7
-94 24
47 24
28 7
-62 24
-5 7
-55 24
-28 24
-7 7
71 24
47 7
-77 24
82 24
74 7
-97 24
20 7
-64 7
-66 7
53 24
97 24
67 7
95 7
-82 24
-2 7
-96 7
-79 24
41 7
-59 7
22 24
-78 7
77 7
2 24
23 7
33 7
-60 24
-24 24
60 7
-84 7
27 7
-7 24
10 7
-99 7
91 7
-63 24
35 7
34 7
-11 7
98 24
-47 24
7 24
-75 24
49 7
-35 24
-34 9
11 16
-23 23
86 13
-41 1
-16 25
-78 13
-74 9
-75 14
81 9
94 8
8 22
-4 8
0 10
14 18
-12 3
-59 22
87 19
18 1
77 9
-11 23
45 9
45 24
-80 14
75 10
-32 11
-12 15
9 2
85 20
0 12
71 20
-52 17
-26 13
-11 12
-25 19
-9 23
-39 3
-87 2
54 18
90 2
-87 22
96 15
-48 14
0 25
-45 1
5 10
-32 25
55 15
-17 15
-77 5
-58 11
3 6
13 19
-46 22
-90 12
-31 12
-5 20
-22 18
-69 14
9 9
-94 9
-29 4
21 15
-12 8
88 22
-97 18
49 5
-40 25
19 11
65 14
-49 15
-26 10
-94 16
-62 6
-94 21
58 7
94 25
32 9
49 1
-6 21
-52 13
-99 2
33 22
-53 13
-82 4
57 24
48 19
99 15
95 21
-85 15
32 20
68 6
-92 9
98 23
30 16
92 4
82 15
-87 4
69 2
61 9
84 16
-88 21
55 21
-3 19
26 11
43 8
71 22
71 12
20 18
53 4
98 14
-27 25
55 9
25 20
26 13
-37 9
-16 14
9 11
-96 17
34 13
49 22
0 20
76 3
-18 19
-29 12
49 21
-26 18
76 21
50 24
-79 6
41 21
74 5
31 19
54 21
91 21
-23 8
94 4
40 18
-61 15
0 2
87 18
6 17
11 25
2 19
6 5
-20 13
-55 9
-24 19
60 19
-55 12
-19 11
-76 9
-87 16
89 3
70 17
-40 17
-89 4
-94 20
-47 25
65 23
72 14
-3 17
-45 2
-64 13
35 25
26 7
-79 5
41 14
15 7
67 5
13 13
41 8
-56 8
13 10
-66 18
96 23
-31 16
-33 23
97 6
-38 22
89 20
20 13
24 8
66 2
-52 9
47 18
-58 21
73 1
-65 21
-76 13
-25 5
-50 16
34 22
72 22
-93 20
78 13
-14 9
35 21
-76 16
-59 20
57 16
-52 4
57 4
84 10
-74 1
81 25
-7 6
-42 23
-21 20
4 4
41 15
14 13
-22 3
82 1
84 19
32 14
-76 22
19 5
25 1
90 18
-73 10
51 5
9 18
22 13
-92 18
24 13
61 16
79 25
-89 19
-62 16
2 9
58 16
-40 6
-75 5
-30 19
96 20
-85 16
12 9
6 12
50 5
-36 14
61 23
14 15
94 24
12 22
30 24
93 6
67 19
74 9
98 20
-43 2
-50 11
41 3
-33 9
-73 18
-62 23
90 12
-69 3
-79 10
42 11
-46 11
22 2
-78 3
-6 12
-4 20
-86 5
28 25
97 23
-92 10
7 13
50 14
-45 12
-92 8
-64 5
18 6
-42 9
-69 7
24 2
-50 6
30 25
-4 14
81 19
-32 16
61 19
-14 25
92 5
27 13
-37 11
-51 1
-68 18
-15 9
20 24
-99 16
-38 4
70 14
-66 6
-18 23
-17 23
-95 16
-6 25
23 23
44 6
79 11
33 21
69 10
67 6
-18 1
-64 2
34 5
12 4
-36 17
11 10
-18 22
-18 24
49 4
88 18

841 5
51 3
-38 3
-29 4
20 3
-13 3
-85 4
-14 4
10 4
-24 3
46 4
43 4
63 4
-32 4
-84 3
-12 4
-60 4
90 3
-63 3
84 4
26 3
18 3
66 3
-14 3
2 4
98 3
32 4
-89 4
-98 4
8 3
58 4
-21 3
8 4
-86 3
-74 4
11 3
-41 3
-4 4
-1 4
76 4
-37 4
89 3
95 3
-95 4
7 4
9 4
-10 4
-99 4
71 4
34 4
85 3
2 3
-70 3
-46 4
-98 3
-23 3
76 3
-73 4
60 3
-12 3
-57 4
83 4
-2 3
-96 3
-29 3
-78 3
54 4
78 3
23 4
83 3
38 3
-27 3
42 4
-73 3
48 4
-18 4
92 3
33 3
73 3
-72 4
-41 4
64 3
98 4
1 3
-37 3
-78 4
55 3
-45 4
18 4
-6 3
23 3
-87 4
99 4
-81 4
12 4
88 3
27 4
91 3
10 3
44 4
61 3
-15 4
-48 3
22 3
36 4
-97 4
-34 3
-2 4
-94 3
-54 4
65 4
-62 3
-36 3
-66 4
-77 4
47 3
44 3
4 4
73 4
-58 3
-9 4
24 4
74 3
0 4
-99 3
17 3
21 4
-96 4
-38 4
71 3
29 4
-88 4
99 3
-33 3
75 4
-54 3
75 3
69 4
6 3
-65 3
25 3
74 4
14 4
-19 3
-11 4
13 3
-8 3
46 3
35 4
-47 3
49 3
-34 2
-74 5
19 4
-35 5
-65 5
-71 1
84 3
96 3
-82 3
64 5
-25 1
-19 4
28 2
-96 1
-39 1
52 4
-68 5
-61 2
-67 2
16 5
3 3
-69 4
16 1
24 2
59 5
-77 2
14 1
80 4
68 2
50 2
-86 1
-35 3
-82 4
-42 1
20 1
-48 5
83 2
78 2
-71 4
97 2
95 4
-53 2
-90 3
71 1
18 2
-82 1
11 5
-58 2
62 3
-49 2
20 5
46 5
32 2
-53 3
-85 2
49 1
41 4
-73 1
55 4
-45 1
43 5
8 1
-95 5
-57 1
74 2
50 1
81 1
-44 5
73 1
86 3
-67 3
-55 3
-81 5
1 5
5 1
58 3
-57 3
-92 4
58 1
-94 1
-54 1
36 1
-78 1
-16 1
-10 5
-41 1
96 5
-60 5
27 2
55 5
-17 5
-53 1
-20 4
-80 3
52 2
23 5
89 4
47 1
-83 4
4 1
-28 1
-59 1
-9 2
97 4
-87 5
56 5
-56 5
20 2
-96 2
-52 4
10 2
-39 2
6 1
-27 5
62 2
84 1
-55 5
36 5
-51 5
92 5
-48 2
-65 2
-97 1
80 1
-20 1
-90 2
61 4
-18 2
78 5
-22 3
-14 5
-3 3
-38 5
90 1
-7 3
11 1
-89 5
-37 5
-84 2
22 4
30 3
85 2
-68 4
4 3
-13 1
-5 4
-80 2
-75 4
91 4
73 5
36 2
44 5
-42 3
46 1
90 2
16 2
94 1
-20 2
-66 2
0 3
79 4
76 5
26 5
-9 1
19 1
-21 5
-43 3
85 1
96 1
45 3
51 5
-94 4
-24 5
-5 2
-90 4
-26 5
31 2
-81 2
-25 5
-1 2
39 1
80 3
-1 1
-88 3
-64 4
-99 5
55 2
29 2
33 5
-25 3
-46 3
-60 2
75 1
34 1
-75 2
19 5
74 5
71 2
-75 1
-13 2
-46 1
26 2
92 4
-53 4
-92 5
-51 3
-52 5
-85 5
-18 1
-65 1
72 3
67 5
-44 2
-54 2
-64 1
48 5
-61 5
17 1
13 2
44 2
-72 2
-39 3
-84 5
77 1
-44 1
-82 2
9 5
-62 2
25 2
-51 2
-66 5
69 1
-97 5
57 2
-63 1
-10 3
88 1
-76 3
50 5
-70 1
-28 4
-95 3
-1 3
81 5
-94 2
-76 4
12 5
72 4
67 3
70 3
-92 1
-44 3
6 5
-34 1
5 2
95 1
27 1
-19 1
-34 5
-17 1
-5 5
5 3
-4 1
-79 3
-90 5
88 2
60 5
-67 4
10 1
52 5
-40 1
92 1
-87 3
41 2
-31 1
92 2
-70 2
93 5
78 4
-29 1
-6 4
82 3
77 4
-71 2
82 5
-45 3
85 5
61 1
-9 3
22 1
17 2
95 2
33 2
-14 1
-54 5
-30 3
64 4
32 5
-61 4
59 3
-22 2
-47 2
40 1
70 2
50 4
-88 2
66 4
45 1
95 5
0 2
91 1
-93 2
-33 2
-36 5
69 5
2 1
56 1
82 2
35 2
-97 3
6 4
3 4
-23 1
76 1
-40 5
-61 3
-44 4
-59 3
11 2
24 1
-91 1
-43 4
-69 3
30 4
55 1
-30 1
-15 1
-15 5
66 2
-69 2
59 1
-25 4
78 1
88 5
-37 2
79 3
-94 5
-8 2
-68 3
-11 2
-16 3
17 4
-61 1
-62 5
93 4
-48 1
-42 4
-35 1
62 5
23 1
-93 4
-46 5
-75 5
77 2
-29 2
39 2
37 4
44 1
59 4
1 2
-62 1
30 5
37 1
-83 5
-98 5
-59 4
3 2
58 2
35 5
70 4
73 2
89 2
-26 2
-30 2
-64 5
24 3
13 5
64 1
-14 2
94 4
-52 1
-78 2
-3 4
60 1
-21 4
37 5
54 1
11 4
-2 5
-68 2
-21 1
-59 2
-26 3
39 5
68 4
-64 2
-67 5
65 5
19 2
43 1
57 5
21 2
99 5
86 4
41 5
-43 5
-64 3
63 2
96 4
-40 2
-11 1
-80 5
-83 2
-86 4
-28 3
83 5
63 3
-93 3
54 3
-30 5
64 2
63 1
37 3
9 1
-20 5
41 1
-32 3
-1 5
12 2
0 1
67 2
40 4
19 3
-56 4
-79 2
61 2
-74 3
27 3
88 4
5 5
-91 4
51 2
53 3
-49 1
-31 5
-58 5
-47 1
84 2
-97 2
-2 1
74 1
-27 4
16 3
-92 3
49 4
-49 3
26 4
-39 4
-31 3
-70 5
-65 4
96 2
-99 2
-7 5
-51 1
40 3
36 3
39 3
56 3
-27 1
54 5
-15 2
-88 1
54 2
-74 2
-39 5
-77 3
-72 5
-76 1
-33 1
49 5
33 4
-13 4
-78 5
-75 3
21 3
53 1
-48 4
-91 3
65 1
-74 1
-10 2
82 1
-24 1
-45 5
66 5
-91 2
-29 5
57 1
28 3
79 1
-52 2
38 2
26 1
-70 4
-7 4
-42 2
-5 3
-12 1
1 1
-13 5
40 2
-17 4
42 3
-11 3
14 2
94 2
28 4
38 5
94 5
-36 1
52 1
97 1
37 2
-99 1
71 5
27 5
57 3
-87 1
-84 4
98 1
2 2
21 1
-62 4
67 4
84 5
-89 1
-24 4
-80 4
-72 1
90 4
-87 2
-63 5
24 5
60 4
-35 2
-52 3
66 1
60 2
14 5
-88 5
87 5
83 1
-19 5
9 2
-66 3
-23 5
-9 5
61 5
77 3
-69 1
98 5
-4 3
-56 3
48 1
-21 2
43 3
-15 3
-42 5
56 2
29 3
-7 1
-50 1
29 5
72 5
-95 2
31 1
-16 5
-49 4
86 1
-92 2
57 4
85 4
59 2
35 1
-84 1
-27 2
-68 1
99 1
-50 2
-10 1
47 4
-43 1
34 5
91 5
-17 3
2 5
89 5
-93 5
13 1
-49 5
-56 1
-16 2
72 1
-73 2
7 3
4 5
93 3
90 5
-46 2
75 5
52 3
49 2
-67 1
77 5
-7 2
30 1
-79 4
47 2
87 2
21 5
79 2
-96 5
1 4
14 3
-86 5
-32 1
31 3
-89 3
16 4
76 2
65 3
42 2
-71 5
7 2
80 5
63 5
68 1
94 3
-93 1
79 5
25 4
-79 1
70 1
32 3
42 1
22 5
-5 1
3 5
39 4
-90 1
-40 4
28 1
-56 2
68 5
15 3
86 2
22 2
42 5
-95 1
81 4
-40 3
-86 2
8 2
45 2
-58 4
15 2
-23 2
-30 4
-23 4
-2 2
7 5
89 1
-55 4
69 3
91 2
10 5
-3 1
-36 4
-72 3
31 5

603 13
52 12
-10 12
-56 12
14 12
11 5
81 12
86 12
-14 5
36 12
34 5
49 5
-80 12
8 12
-70 5
19 5
-92 5
80 5
-71 5
91 5
89 5
93 5
-91 5
43 12
17 5
-50 12
-23 5
72 12
73 12
-36 5
90 5
11 12
-24 12
-5 12
-31 5
92 12
58 5
-9 5
19 12
46 12
-47 5
2 5
85 12
98 5
14 5
-20 12
92 5
-95 12
-46 12
23 5
28 12
99 12
-21 12
-62 12
51 5
9 5
-90 12
-72 5
-79 12
6 5
82 12
-25 5
32 5
-16 5
-62 5
65 12
-76 5
55 12
-37 5
74 12
62 12
-81 5
-97 12
27 5
-39 12
70 5
-54 5
-24 5
-84 12
76 5
-32 12
-59 12
-58 12
-87 12
-55 5
-59 5
99 5
-98 5
-23 12
-15 12
98 12
75 12
22 5
-41 12
50 12
37 5
-36 12
85 5
40 5
24 5
-4 5
24 12
25 12
31 12
-54 12
0 12
-40 12
83 12
77 5
51 12
16 12
-61 12
59 5
57 5
89 12
-51 5
-77 5
-11 12
38 12
-45 12
-52 12
-44 5
20 12
-95 5
27 12
-12 12
36 5
39 12
84 12
-32 5
41 12
97 5
28 5
3 12
-25 12
-85 12
-85 5
-65 12
-99 5
5 12
-92 12
5 5
-4 12
22 12
20 5
15 12
-14 12
-97 5
-57 12
74 5
21 5
-99 12
40 8
-25 6
-85 8
7 4
-48 8
42 11
-71 11
84 10
-14 4
-92 8
-74 12
98 1
-72 11
82 6
-92 13
30 13
-19 5
79 4
-35 1
60 13
-33 5
22 11
-68 13
59 12
18 4
-9 1
-60 3
-66 3
94 1
-60 1
67 7
79 10
-94 2
53 3
-68 7
18 10
-80 2
-11 8
65 8
-56 2
-87 2
19 13
-94 12
-19 3
38 9
-57 6
-49 3
76 9
52 2
79 12
84 8
-88 8
-53 10
1 3
54 11
18 5
-24 7
48 1
-46 7
90 1
71 12
92 8
-73 6
-63 6
-39 9
52 1
25 5
19 7
44 6
1 10
-76 2
-79 11
-81 8
47 10
65 10
-12 9
40 13
-57 11
-66 4
-2 9
-20 11
65 7
-29 11
50 11
-53 11
-59 7
99 1
-22 7
-81 9
-22 8
-22 4
-88 6
86 7
44 11
-23 3
-15 8
-31 1
-26 11
-5 13
31 10
89 3
20 13
-45 6
38 3
97 3
18 13
72 9
55 10
-8 11
-71 12
58 8
15 1
14 7
-78 11
58 1
-56 13
-29 12
83 8
-90 7
-8 6
60 5
-63 3
-27 8
13 3
-59 2
41 5
24 2
0 8
-80 6
-42 3
74 4
68 7
-49 7
-59 1
84 4
51 3
-76 9
-18 12
-31 3
-84 1
16 13
55 13
-81 10
70 3
-64 12
6 6
95 2
81 7
-33 9
36 9
36 10
-51 8
-83 1
10 10
71 5
-47 2
64 13
43 2
-65 3
92 6
11 7
40 2
93 1
94 8
76 1
1 7
76 2
-31 10
-41 4
65 5
23 8
-91 2
-83 11
-20 13
91 2
34 8
2 1
23 6
-53 1
-62 7
59 4
82 1
21 6
-97 3
63 9
-37 6
94 3
-48 2
-37 11
-92 10
11 10
63 12
96 5
89 8
98 8
-68 8
79 13
26 7
-37 3
-62 8
-54 8
71 13
98 6
-36 8
-8 1
-66 11
-64 11
-76 3
-48 11
-63 11
-99 8
70 10
-71 4
60 2
-58 13
-34 2
-64 7
82 13
39 13
16 3
64 3
69 2
42 9
-79 4
-5 7
9 3
-15 1
28 1
-2 4
57 9
80 7
93 3
44 12
-91 6
5 1
-30 8
-34 3
-62 3
-48 9
25 10
83 11
-72 13
39 4
71 3
74 3
-42 9
83 10
-19 8
-30 1
58 11
55 1
-99 9
7 2
88 4
-84 10
-65 7
12 3
44 2
-48 12
-6 7
-95 2
-23 4
-27 13
77 8
-62 6
71 11
7 9
61 2
28 4
15 2
47 2
-41 1
-88 2
-13 5
47 3
3 1
77 7
-32 9
0 6
3 10
-84 11
-20 8
-24 9
95 4
-78 10
59 6
-17 12
19 8
37 12
42 6
-66 8
43 9
-1 3
83 9
98 10
40 1
-87 13
-88 5
82 4
33 2
76 8
33 3
-90 1
-81 13
63 6
-89 10
63 2
30 5
10 11
33 6
-17 13
-97 11
-99 4
-92 7
-57 8
4 8
-81 11
-55 10
-14 6
-73 4
34 4
-34 5
51 11
37 8
-80 10
28 8
78 2
5 6
-65 4
22 9
-27 4
-76 6
-79 9
67 8
-10 5
-85 10
24 3
92 4
-17 3
-93 1
91 6
70 8
91 10
6 13
-9 7
-15 7
-82 1
65 2
-87 1
14 8
68 1
50 5
58 12
76 3
-98 13
-47 6
-84 13
-25 9
26 9
48 4
72 3
-98 2
4 11
52 5
-62 1
-72 12
40 9
-89 11
-58 6
-85 7
7 12
54 7
22 6
17 13
-28 12
-15 13
-8 7
94 7
-11 13
98 3
-13 12
53 7
-51 12
9 10
67 9
-78 9
-30 3
98 7
9 8
-47 13
-60 6
-25 7
-57 10
-46 13
40 4
-12 7
63 4
68 4
-40 11
30 7
-14 3
-93 11
22 3
41 4
4 3
54 6
59 10
-98 3
-30 11
-5 6
4 9
-67 2
-10 2
33 12
-17 7
67 12
-28 8
-5 11
31 8
-52 9
15 13
93 12
-5 3
-96 8
-49 4
-19 11
13 12
-26 13
29 3
83 7
-21 10
50 9
-29 2
92 11
-66 5
4 12
-80 9
51 1
67 10
8 2
-3 4
77 6
-70 6
-30 2
66 3
-89 5
-76 10
76 10
39 11
22 1
-41 6
73 8

703 5
-36 3
-91 4
92 3
-67 4
-76 3
52 3
32 3
1 3
-31 4
-75 3
53 3
82 3
-85 3
-16 4
91 3
-78 4
-48 4
67 3
76 4
86 4
54 3
22 3
19 3
36 3
-7 4
-99 4
8 4
-15 4
5 3
-8 4
73 3
-1 4
-29 3
-26 4
95 3
-50 3
87 3
59 3
-81 3
-28 3
31 4
22 4
-17 4
48 3
-38 4
64 3
-90 3
-84 4
28 4
47 3
-73 3
38 3
-10 3
-44 3
-30 4
-40 3
39 4
33 3
8 3
74 3
-21 3
78 3
55 4
-54 3
69 3
-43 3
0 4
-94 4
3 3
21 3
51 3
41 4
-74 4
11 3
-39 3
-43 4
31 3
-77 4
3 4
81 4
44 3
-23 3
-75 4
-13 3
62 4
-4 4
-41 3
96 4
88 3
65 3
-27 3
39 3
7 4
-4 3
94 4
60 3
-62 3
-53 3
0 3
1 4
92 4
25 3
74 4
-58 4
-28 4
24 3
30 3
-63 4
16 4
70 4
25 4
-6 3
-1 3
-98 3
15 4
-95 4
18 3
91 4
-33 3
29 3
-40 4
26 3
47 4
-11 4
-5 4
-60 4
62 3
-88 3
-3 3
-88 4
99 4
7 3
-42 3
-49 4
-46 3
33 4
-66 4
51 4
-90 4
-45 4
27 4
44 4
-79 3
-6 4
20 4
87 4
48 4
-39 4
79 4
90 3
-24 2
-44 1
98 3
39 2
46 5
-32 3
10 5
86 1
-23 5
29 2
68 4
94 5
35 1
-96 2
-29 4
70 5
-1 2
-63 2
24 2
40 3
54 4
8 1
89 3
43 4
-83 5
89 2
83 2
-50 1
-14 5
42 1
76 1
60 2
50 1
-24 1
-51 5
35 4
-18 2
-49 2
45 5
75 3
-13 2
98 5
33 5
68 5
92 1
-19 2
-59 1
-31 5
-27 2
-27 4
-30 1
-99 1
30 1
11 5
-97 5
-58 5
28 5
-49 1
68 3
-25 5
83 1
-19 5
-11 5
-56 1
-10 2
67 2
-15 5
1 5
70 2
91 2
-2 1
67 4
41 1
90 4
90 2
-46 1
-9 1
85 2
-88 5
3 1
-55 3
80 1
79 3
80 5
-86 4
12 5
80 2
4 2
-30 3
-80 4
-67 1
-72 1
-58 3
48 5
-52 4
81 1
-70 2
-57 4
54 1
63 5
55 2
-47 3
13 3
-76 4
54 2
-2 4
-89 1
66 3
73 4
73 2
43 2
30 5
26 4
2 4
56 2
4 4
-42 4
84 2
47 1
-95 1
34 5
-9 5
97 3
-64 1
-40 2
-56 4
-92 1
-80 1
-25 4
75 4
-20 1
53 2
79 5
-95 5
-34 3
22 5
-97 4
58 5
6 2
-65 2
-64 5
-12 2
-74 2
-44 4
-38 5
-11 2
77 5
-89 2
-33 5
45 3
-24 4
-42 1
81 3
-37 4
-98 2
27 5
-53 1
39 5
-48 1
50 3
-36 2
-34 2
-56 2
-80 2
-35 4
42 4
-67 2
-23 4
-22 4
26 1
46 3
-94 2
52 2
-78 3
65 1
80 3
59 1
79 1
-41 1
-74 1
-87 2
23 3
-63 1
67 5
-16 3
35 5
51 5
44 2
-81 2
91 5
-59 3
35 2
-46 5
65 5
-61 5
71 4
-93 1
8 2
61 4
-62 2
-73 5
31 2
59 5
88 1
64 2
11 4
-61 1
77 4
-4 1
53 5
-37 2
-16 5
6 4
-67 5
-7 3
-79 4
-40 5
-52 5
-90 5
81 2
-29 5
71 2
-59 2
83 4
47 2
-83 3
92 5
16 3
-22 1
-46 2
27 1
84 1
-10 4
97 2
56 3
58 3
37 1
98 1
-96 1
72 4
-37 3
53 1
-12 3
-7 2
-71 1
76 2
-64 4
-67 3
19 1
-31 1
64 4
40 5
94 1
-57 2
87 2
66 5
-17 3
66 2
79 2
-14 2
3 5
-71 3
-49 3
92 2
-1 1
-78 1
-70 3
28 2
-60 2
96 5
-38 2
46 4
-28 2
31 5
57 5
-21 2
38 2
-51 1
88 4
-55 4
-5 3
0 2
63 4
-14 3
36 5
-51 4
28 1
85 1
55 5
82 1
57 1
87 1
-26 1
-25 1
87 5
21 2
23 2
-50 5
50 2
41 3
-36 5
-18 3
55 3
78 5
-98 4
59 4
-35 3
75 5
37 3
-68 2
-41 5
-32 4
-69 1
-99 2
-17 1
38 4
-55 2
51 2
-98 5
-62 1
42 5
69 2
-94 5
-77 3
-90 2
97 5
95 4
74 1
50 5
80 4
-62 4
-79 5
-77 5
88 2
96 2
-32 1
68 1
-8 5
69 1
-26 3
60 5
-82 4
95 1
51 1
-85 4
4 3
18 2
-8 3
-87 3
-93 3
60 1
-80 5
45 1
-68 1
-9 3
-55 5
5 5
47 5
52 4
20 5
43 5
99 5
40 1
-42 2
-65 5
29 5
-92 4
0 1
-38 3
-6 1
65 4
-86 3
-51 3
95 2
41 5
-78 2
-14 4
-98 1
-86 1
-72 4
-12 1
-92 5
4 1
3 2
-78 5
-74 5
72 5
36 1
-87 1
-34 1
16 5
-61 2
58 1
66 1
26 2
28 3
6 5
68 2
-16 2
24 5
49 3
61 3
7 5
-33 1
-48 3
9 2
-75 5
-51 2
-54 2
-75 1
-89 4
6 3
-43 2
49 5
-84 2
57 3
49 4
17 4
-52 1
-96 3
98 4
4 5
74 2
9 1
-68 4
18 1
86 2
-55 1
66 4
-81 5
-53 2
-83 2
25 1
-94 3
38 1
-23 1
56 5
-27 1
-96 4
37 5
57 2
33 1
61 5
-8 1
-69 2
-43 1
18 5
10 3
-53 4
-76 1
63 2
-38 1
-6 5
13 1
-45 2
-87 4
36 4
-66 2
9 3
-90 1
-68 5
-85 2
10 2
-42 5
-97 2
48 1
90 1
-32 5
72 2
-35 2
63 3
14 2
26 5
24 1
88 5
7 2
-11 3
83 5
14 1
15 5
-68 3
82 5
-57 5
99 3
-3 1
-20 3
72 1
-21 1
7 1
-3 2
0 5
21 4
64 1
-17 2
43 3
-34 5
93 4
93 3
12 4
-69 5
-89 5
50 4
-82 2
67 1
-59 5
-63 5
70 1
34 1
-29 2
-60 1
-66 5
16 2
11 2
12 3
-99 3
21 1
-58 2
63 1
-83 1
22 2
76 5
-93 4
93 5
84 4
78 2
-49 5
-22 5
-37 5
-89 3
-18 4
-93 2
-54 5
29 1
11 1
-37 1
-19 1
-10 5
1 2
25 5
21 5
14 4
57 4
54 5
-26 5
-34 4
45 4
62 1
43 1
-84 1
-24 3
37 2
-19 4
-14 1

685 13
23 12
20 5
72 12
-8 5
50 5
49 5
94 12
28 5
-31 5
25 5
24 12
84 12
-43 12
-71 5
-73 5
-18 5
-95 5
-45 5
54 5
-38 12
-40 5
-20 12
-34 5
70 12
25 12
-26 5
12 12
66 12
-94 5
-75 5
30 12
21 5
-48 5
-35 5
-24 12
-81 12
-54 12
42 12
74 12
-69 12
92 5
-92 12
60 12
-39 5
-36 12
-35 12
34 5
39 12
-8 12
-16 12
65 12
6 5
-91 5
89 5
-62 12
68 12
-98 12
65 5
-46 12
-32 12
91 12
-86 12
51 5
-40 12
60 5
-15 5
76 5
-3 12
-52 5
-14 5
86 5
-12 5
-85 5
52 12
-12 12
11 5
4 5
-50 5
78 5
-20 5
-82 12
91 5
38 5
-83 12
-23 5
-50 12
-14 12
20 12
-87 5
29 5
-60 12
95 12
-25 5
37 12
86 12
98 5
48 12
51 12
-57 12
74 5
5 5
61 5
73 12
17 12
9 5
-37 5
23 5
15 5
89 12
77 12
-73 12
29 12
-65 5
-79 12
-30 12
22 5
45 12
56 5
-33 5
-91 12
-15 12
99 5
-76 5
15 12
48 5
54 12
88 12
27 12
-59 12
-88 12
-60 5
31 5
72 5
58 12
13 5
1 12
-13 12
62 12
71 5
-65 12
59 5
-72 12
73 5
81 5
-81 5
24 5
96 12
47 12
71 12
13 12
-76 9
-72 8
-94 2
-50 8
-2 1
-24 1
56 13
-63 3
84 10
63 13
-61 3
27 11
3 7
-43 8
-3 4
36 5
78 10
-80 1
98 9
-3 11
97 7
-29 13
78 1
77 6
20 9
24 3
-11 8
-25 13
-25 6
-8 11
-30 11
0 1
-32 8
18 12
83 3
0 9
-69 2
-56 3
-46 8
-44 13
-95 4
-10 10
-69 9
-7 9
83 12
-82 1
19 12
38 9
22 8
-19 6
-81 10
-3 10
-30 5
-98 8
-1 10
-41 8
-53 6
-88 7
-14 6
56 2
35 13
22 10
-38 13
-77 11
91 6
-14 7
33 2
-56 5
-42 10
-27 6
-93 7
-18 6
-38 2
91 13
-73 4
-17 2
7 1
25 2
1 2
70 1
80 13
9 3
78 12
-78 1
-4 1
86 9
45 6
33 1
0 10
64 10
-82 13
76 9
-74 3
49 10
-10 4
-10 7
-3 6
35 5
-86 7
-10 5
-32 3
-70 10
-79 4
-71 12
-90 5
60 7
-71 13
64 4
-21 11
-84 3
-86 3
69 6
-25 10
-83 4
36 1
-4 9
-14 8
-29 7
-44 10
72 11
-55 3
20 7
-25 11
-41 9
-69 4
-34 6
-66 1
32 4
46 10
-98 11
-13 8
-10 8
-40 4
13 1
46 4
59 12
-24 2
39 10
-65 11
-60 4
-24 13
-63 13
-97 7
39 11
42 6
43 8
-89 9
88 11
-36 13
-56 6
87 6
-55 10
-51 9
-67 4
-45 12
45 3
7 3
-32 10
-43 13
4 2
-1 3
-95 7
25 10
-47 4
12 8
-58 8
-28 2
10 6
16 10
83 10
-5 3
-73 10
17 2
-21 13
35 2
-94 13
-35 2
97 2
11 3
-85 2
22 1
-87 8
2 4
28 6
96 9
43 6
-15 3
-7 1
-8 4
0 12
-56 7
21 13
-99 6
71 11
-13 3
60 13
0 7
83 8
6 13
-46 11
-23 7
26 1
-73 6
0 13
87 13
-43 1
-65 8
37 3
52 4
59 9
-81 8
31 4
-5 10
74 11
-20 7
44 1
-16 6
-74 11
51 8
3 3
66 7
-78 3
11 4
-40 10
-16 3
-83 13
84 5
-8 10
13 6
25 13
55 3
-43 9
69 7
19 10
-53 12
37 6
18 5
21 3
-77 9
-62 10
92 2
-75 10
99 4
16 12
-64 9
15 6
-59 5
-48 8
-83 7
26 11
-67 7
-62 5
-51 3
87 3
33 11
22 2
47 1
-6 12
35 1
-98 5
-89 10
-92 9
-5 7
26 6
12 6
-54 9
-70 5
77 8
-37 9
-28 1
-31 11
-83 10
78 11
20 10
-40 7
36 6
-91 2
-75 8
55 8
5 9
13 11
63 10
63 11
64 8
26 10
-75 11
2 1
91 3
29 13
26 7
68 5
97 11
-63 1
62 2
-57 8
-24 4
92 3
91 9
-51 2
70 8
25 4
-22 11
89 8
-52 12
56 8
-88 5
-71 2
-93 13
-94 6
54 6
-44 1
34 10
47 11
74 3
54 4
40 6
-86 6
19 8
57 13
-50 7
73 6
-36 7
45 4
39 5
89 1
-83 1
-28 7
-16 7
3 8
74 1
-54 11
-84 1
12 7
93 7
-13 4
-7 8
-68 13
-9 8
-70 9
-25 4
85 10
56 11
-97 12
14 10
-94 12
-4 5
-91 10
39 3
-69 8
36 4
25 1
13 4
23 2
-7 6
-21 12
67 9
-12 3
-85 1
76 4
7 13
-15 11
30 9
53 3
-58 11
84 8
-32 1
73 11
50 11
92 8
50 2
-25 1
60 11
-52 4
14 6
-74 13
-77 12
-43 10
-3 5
48 8
16 2
2 7
-28 11
-44 9
42 11
-75 3
8 8
-67 12
-42 7
-50 10
-74 2
65 8
-64 3
-95 8
14 9
-53 8
44 10
-26 10
29 7
10 11
12 11
12 2
29 9
36 13
-71 4
2 9
-14 10
46 12
-35 13
6 3
-17 11
59 6
36 7
-22 13
-47 5
-88 4
-18 8
-42 8
98 3
81 8
5 2
-62 2
51 1
77 5
-2 5
25 11
96 3
99 1
55 9
68 6
-98 7
-93 2
80 10
56 9
23 3
2 8
-78 6
47 7
52 7
-4 2
31 9
46 3
52 1
-47 13
-17 3
-17 10
16 6
-83 8
63 5
24 1
92 6
23 1
-8 13
-23 9
-52 8
67 4
95 4
90 3
-39 6
-17 13
70 2
-91 13
-66 10
31 11
47 3
-5 13
19 5
-80 5
96 7
-64 5
-29 8
57 9
-7 2
-57 3
95 5
28 10
19 1
45 2
93 11
87 8
-12 7
86 6
-79 2
-1 1
85 1
15 9
-28 3
-71 10
-29 11
-26 2
50 1
67 7
32 10
-47 12
-25 3
47 13
-23 4
-8 6
95 1
-18 9
1 13
-35 4
-73 3
-94 11
-65 3
30 8
34 13
-7 3
18 6
-95 2
71 2
-34 4
-84 8
60 8
36 12
-38 10
35 7
-52 1
52 9
35 6
-44 5
51 4
-32 11
73 13
-38 9
-80 8
43 9
99 7
59 8
-13 9
-6 7
-54 2
0 2
-72 1
4 9
65 13

340 41
-59 9
-22 9
-3 9
75 40
-35 40
-30 9
63 40
-95 9
-33 40
-91 9
90 9
-50 40
88 40
-47 40
-66 40
92 40
-41 9
-95 40
10 9
-17 9
4 40
42 40
40 40
-44 40
-76 40
41 9
-8 9
27 40
0 9
77 9
-28 9
93 40
-73 9
-14 9
58 40
91 9
93 9
79 40
82 9
41 40
-48 9
-4 9
-61 40
3 40
59 40
-9 40
92 9
-47 9
-80 40
68 40
57 40
-8 40
-81 9
-46 40
37 40
-65 9
-45 40
87 40
45 40
49 9
-39 40
8 9
-73 40
62 40
39 40
-70 40
-94 9
-32 40
-9 9
65 9
32 40
23 9
-15 40
-58 9
81 40
76 9
-49 40
-64 40
18 9
1 9
-20 9
-36 40
-34 9
-81 40
62 9
14 40
-23 40
96 40
97 9
56 9
-55 40
-79 40
15 40
-71 40
42 9
-60 40
-19 9
19 9
-27 9
-84 40
-63 40
-71 9
74 9
88 9
67 40
-6 40
-62 9
24 9
64 40
-46 9
45 9
35 9
46 9
13 9
72 40
-68 9
-86 9
58 9
-76 9
46 40
-33 9
28 40
-85 40
32 9
69 40
-44 9
-21 40
44 9
72 9
-52 40
15 9
6 9
-64 9
84 40
-72 40
-27 40
-18 9
-97 9
8 40
-90 40
1 40
98 9
35 40
17 9
61 40
-84 9
-49 9
53 40
-96 9
-17 40
-5 12
75 38
45 1
50 15
55 23
85 33
-86 24
-17 28
99 28
-74 40
-63 30
-41 16
-62 7
51 36
-77 9
-85 30
17 23
-13 40
-15 23
25 17
99 17
-70 7
-78 8
34 35
-64 39
-12 30
-21 38
30 21
70 30
-75 16
-69 29
-13 27
-62 8
63 2
24 1
28 34
45 35
-93 17
-79 18
-38 38
39 25
67 19
15 3
89 1
98 12
-79 19
-91 38
-88 10
71 15
28 33
-67 17
-21 41
-25 18
-50 9
-36 16
-97 23
-21 1
41 28
75 24
-27 1
-76 8
72 1
92 33
21 23
80 27
48 35
63 26
-90 32
42 35
68 12
70 11
82 36
-24 7
88 25
68 8
51 31
-71 38
13 36
74 33
16 35
-45 41
22 5
18 40
82 17
-13 12
58 31
-9 8
55 8
-83 33
-75 39
-10 22
-24 10
54 33
10 4
85 5
-6 24
-79 27
14 32
63 23
-77 17
-78 34
-41 33
45 27
52 17
-16 10
-26 15
28 14
-97 29
25 41
25 30
20 32
-12 34
46 32
-36 20
-41 15
-51 31
-81 19
44 3
-46 12
-5 25
-49 39
-89 41
11 2
-29 6
-68 41
91 39
-4 22
88 1
95 16
92 6
-6 18
14 12
-54 39
-15 34
69 13
-26 39
-3 26
-51 24
36 26
96 24
-19 6
88 29
-73 22
69 16
47 18
-95 8
-69 4
-58 19
-48 27
83 18
71 19
89 7
-98 26
60 21
18 12
59 35
-39 9
-32 28
31 6
3 16
19 4
-38 35
47 17
-40 6
-80 2
81 25
86 37
-46 16
58 11
-72 32
-84 6
11 12
-76 26
72 13
4 10
-25 27
-78 1
-66 5
53 39
87 22
70 28
-66 39
9 24
90 7
-21 26
-83 35
-88 30
25 23
-1 3
32 7

239 25
9 7
-56 7
-33 7
-10 24
-99 24
39 24
-50 7
-80 24
39 7
40 24
36 24
-50 24
-58 24
-62 7
-42 24
80 24
14 7
-2 7
-69 24
93 7
-33 24
34 7
79 24
18 24
25 7
-23 7
35 24
-8 24
17 24
-69 7
3 7
84 7
-55 24
31 7
57 24
3 24
-21 24
82 24
88 24
-4 7
-59 24
97 7
54 24
26 24
74 24
-96 7
-44 24
35 7
-71 7
16 24
18 7
83 24
-24 24
57 7
-15 24
-78 7
-6 24
-51 24
0 24
-82 24
55 24
24 24
-38 24
0 7
75 24
8 7
27 7
7 7
-14 24
-27 7
-32 24
-37 24
38 24
-93 24
75 7
4 7
20 7
44 24
99 24
-85 24
82 7
52 24
-5 24
78 7
-91 7
-57 7
67 24
73 24
-34 7
-61 24
1 7
77 24
-83 24
-26 7
51 24
-68 24
61 24
-2 24
72 24
78 24
-63 7
56 24
95 24
89 7
29 24
-98 24
-19 7
-35 24
-57 24
-18 7
72 7
88 7
46 24
69 24
-68 7
1 24
-73 7
91 24
76 24
76 7
15 7
-84 7
-71 24
-47 24
96 24
-84 24
-56 24
-31 7
86 24
-70 24
-72 7
-89 7
99 7
-22 7
-47 7
-43 24
6 24
-30 7
66 24
-67 24
-51 7
-59 7
-35 7
-17 7
-72 24
-6 7
-97 24
6 7
-64 24
-89 24
71 13
65 13
47 15
-15 7
-17 5
-47 3
15 21
4 12
88 11
-38 25
54 1
-48 20
-98 6
-56 15
42 8
52 12
18 14
-43 25
30 5
61 7
-21 11
-64 16
-62 9
13 7
70 12
-32 1
52 7
83 10
14 21
-53 18
-9 3
98 6
25 5
42 25
-42 7
-46 18
-6 25
-62 1
56 2
-27 14
6 14
58 21
81 19
-49 18
13 13
-53 5
23 4
-19 19
57 11
21 8
54 16
41 3
-16 8
-82 18
48 12
23 3
-27 8
98 15
97 15
95 22
97 3
10 5
92 25
13 20
-15 23
-17 24
-65 5
-29 9
-17 23
89 15
26 22
-3 9
-88 11
-86 2
1 5
-77 12
84 2
31 4
-36 2
-33 17
-6 13
-94 15
12 4
69 16
88 2
-19 3
93 3
-63 15
-97 5

398 13
88 12
-4 5
-85 5
-26 12
78 5
-8 5
63 5
-48 12
14 12
27 5
-55 12
-86 5
0 5
-39 12
-5 12
30 5
-89 12
57 5
69 12
-12 5
19 12
22 5
-77 5
-6 5
-56 12
5 12
-31 5
20 12
91 12
5 5
11 5
18 5
79 12
35 12
-77 12
17 12
42 12
84 5
74 12
-22 5
-78 12
46 12
32 12
45 5
36 5
-74 5
-44 12
-2 5
-82 12
98 12
73 12
-64 12
-32 5
-50 12
99 5
-23 12
-33 12
34 12
51 12
-23 5
81 12
7 12
-45 12
-15 5
84 12
40 5
93 12
-93 12
6 12
-79 12
47 5
64 12
22 12
53 5
46 5
-66 12
-51 5
59 5
-49 5
97 5
91 5
51 5
-95 5
-11 12
16 12
66 5
-21 5
-34 12
59 12
-67 12
61 12
60 5
83 12
-54 5
37 12
47 12
33 5
-55 5
28 5
-41 5
-74 12
67 12
-96 12
-90 5
94 12
97 12
-39 5
67 5
-71 12
86 12
-1 5
-54 12
-92 5
14 5
-67 5
-36 5
-98 5
-28 5
85 12
8 5
-56 5
-45 5
96 12
-94 12
-68 5
-18 5
-24 12
63 12
55 12
-28 12
-19 5
-90 12
39 12
-14 5
68 12
-95 12
12 12
-36 12
-92 12
-73 5
-47 12
-10 5
-49 12
-42 12
89 5
70 5
6 5
24 5
42 5
20 5
99 11
-69 3
74 5
64 9
13 9
0 1
47 8
94 2
72 6
99 9
94 1
-1 9
18 7
48 4
72 2
18 6
18 2
-16 11
39 11
-1 12
30 12
43 12
29 6
-29 6
-49 7
-37 5
24 9
-12 3
34 5
-61 9
-29 9
62 1
13 13
-42 8
-69 12
99 2
77 11
-29 5
-33 7
50 8
22 13
-15 9
-39 13
28 10
27 9
-26 7
43 11
-68 2
-33 9
-52 12
39 13
25 12
-32 8
-66 7
-15 8
26 3
48 11
-40 7
-41 8
91 10
-8 11
79 5
-55 2
-25 8
93 9
4 9
-11 9
9 7
-77 7
0 4
1 7
-59 4
-36 6
53 11
63 6
86 9
-35 8
-75 9
24 8
61 10
61 7
-21 13
-95 1
49 10
-3 3
-28 1
10 2
27 12
-95 6
0 13
-35 5
-99 7
-78 13
79 11
-88 7
-57 13
-9 9
78 2
65 8
-37 6
-88 2
85 2
-38 5
50 3
-42 4
-69 5
-31 4
-3 12
-37 9
83 11
61 3
46 7
-72 13
-47 11
24 1
50 13
-19 10
70 12
-72 2
93 11
76 6
-84 5
-29 12
-56 10
16 5
-2 12
69 3
-9 7
36 10
73 6
85 11
-78 11
-26 9
17 3
77 7
68 6
25 6
28 6
26 11
-6 1
-7 3
-70 11
-1 13
-51 12
-40 6
-19 9
39 10
-61 8
-43 10
8 9
-32 12
-49 1
14 9
71 12
9 8
33 12
-17 10
82 3
6 8
-31 8
88 9
-46 12
71 13
-32 6
-37 4
-41 1
10 8
-24 4
65 3
35 11
0 12
44 13
78 10
97 4
-14 9
-57 4
83 2
22 4
-59 13
-61 2
-60 13
-18 2
-18 11
32 4
-91 6
45 7
72 1
1 3
25 1
16 2
56 5
-60 3
76 10
37 10
8 2
51 1
-89 10
-1 6
83 3
-78 5
87 10
-31 13
-10 1
16 7
-57 12
23 3
45 9
-96 10
-93 2
74 10
26 1
-46 6
73 7
-15 4
-70 2
-34 11
-66 8
64 7
91 3
52 13
9 11
70 13
-8 10
7 8
-51 8
-78 9
57 1
-51 7
-90 9
47 7
-50 6
55 6
-65 1
51 2
-86 11
-89 2
13 6
18 1
6 6
-78 10
60 9
-88 4
80 5
91 2
-73 2
-20 8
86 3
-87 10

891 41
30 9
-71 9
-92 40
51 9
-93 9
-41 9
35 9
-62 9
32 9
70 40
97 40
46 40
18 9
87 9
-35 9
-45 9
-95 40
-75 40
49 40
-4 9
9 9
48 40
-30 40
-41 40
20 9
-90 40
56 9
59 40
37 9
-89 40
-58 9
-86 40
-70 40
-39 40
-81 40
68 9
-72 9
-13 40
-65 40
55 40
36 9
2 40
-45 40
-97 40
-94 9
28 40
-94 40
22 9
42 9
61 40
94 40
29 9
-59 9
-44 40
26 40
-71 40
-88 40
69 40
29 40
-43 9
-75 9
-61 9
-32 40
58 9
71 9
3 9
-18 40
98 40
-9 9
-39 9
31 9
-68 40
50 40
-53 40
24 9
51 40
15 40
-59 40
41 40
33 40
2 9
82 9
-80 9
-74 40
5 9
-29 40
-38 9
-60 9
-34 9
47 40
-85 9
-96 40
14 40
-68 9
86 9
72 40
30 40
19 40
-56 9
10 40
-70 9
-47 40
67 9
13 40
-26 9
38 40
84 9
-79 9
-2 9
83 40
-93 40
59 9
-87 40
-12 9
70 9
-38 40
85 9
33 9
5 40
17 9
-57 40
77 9
83 9
0 40
-82 9
44 9
55 9
63 40
-65 9
-17 9
-96 9
-37 40
1 40
-11 9
-62 40
-40 9
93 40
-55 9
-32 9
34 9
77 40
23 9
90 9
95 40
-49 9
-21 9
-66 9
11 9
-13 9
-22 9
40 20
-27 6
-29 36
87 1
79 38
-39 33
22 18
-28 1
19 41
94 26
20 3
78 2
53 26
-12 15
-88 12
47 31
-45 21
97 14
97 20
-51 24
60 36
85 41
8 34
-25 19
-42 2
63 31
-76 23
50 22
-46 2
-30 12
52 40
92 30
-6 9
20 24
-16 17
-52 31
-24 24
-65 7
-38 16
-42 1
-95 29
-81 36
-13 16
2 37
5 20
11 1
-21 33
-85 19
-32 28
38 15
40 7
66 30
65 3
16 24
-77 27
-39 30
68 40
-82 20
18 1
95 6
-66 34
76 17
59 33
88 13
-98 32
-44 1
-40 3
75 22
-10 2
20 36
-56 15
60 22
19 33
-84 21
-14 24
5 13
-61 15
-61 5
0 36
-56 30
-75 5
-72 40
-30 35
40 34
11 5
-94 21
21 1
97 32
42 36
-55 2
-88 14
-16 33
29 17
21 28
-27 1
44 35
23 38
-33 9
-76 9
-67 33
99 38
12 3
-29 23
7 41
-51 30
0 3
-84 27
-48 24
73 36
-21 12
42 15
-67 4
7 30
14 23
12 15
11 12
-17 19
39 10
46 21
0 24
46 35
23 27
51 7
-91 5
-8 18
-55 13
-89 10
4 3
84 39
-21 17
-21 2
18 12
24 26
60 14
-96 38
0 17
28 41
95 21
43 14
61 36
11 23
-51 23
-1 25
47 8
98 2
93 37
-6 7
83 13
-11 4
8 3
13 33
-6 27
-40 7
9 10
-72 25
-65 11
22 25
-11 37
-92 7
45 26
-35 26
-25 23
3 7
98 25
43 36
-56 20
-11 30
-82 13
39 29
92 26
-57 8
32 7
54 35
83 7
-32 15
-82 30
-52 36
-10 35
-74 7
-34 1
-15 33
-76 18
-93 4
53 31
-92 25
-37 14
-16 1
11 41
-7 40
-31 2
-81 14
-40 37
9 24
48 15
-92 21
93 26
-88 38
-79 2
22 36
-59 7
96 41
-8 16
52 8
6 25
-46 26
-77 25
36 34
35 6
87 36
-89 1
-73 33
-51 37
64 12
-16 31
74 26
-69 9
48 36
73 15
-57 9
-10 7
-22 15
-12 21
22 16
29 30
70 12
-86 26
-29 3
-86 37
-96 18
19 20
-57 4
-69 12
-78 18
-68 3
64 13
-44 33
-3 11
-7 22
36 5
-57 30
-83 19
-32 1
26 12
33 23
48 17
9 6
57 25
78 34
-8 6
-73 14
-37 6
31 30
71 41
41 29
37 17
89 39
28 4
-13 20
30 10
-8 39
-44 20
-57 33
94 12
81 21
-65 23
-15 29
-33 16
-70 30
28 29
50 41
-17 12
72 38
77 19
-46 18
-74 37
24 5
-96 25
62 16
51 24
-9 20
69 16
1 41
8 31
33 11
-42 34
-87 5
51 33
-95 37
-48 7
94 17
-4 33
-13 15
90 15
-34 17
-57 31
-78 17
-54 9
-93 5
6 7
1 13
-16 21
63 25
-8 9
-67 15
-85 34
-61 8
-37 11
-29 19
-98 11
45 40
-58 34
34 36
69 6
32 31
77 33
93 32
59 38
30 36
-32 29
-57 7
9 5
2 30
3 38
-7 21
-51 14
-9 11
-75 39
-11 33
96 37
-7 29
-40 18
24 3
26 15
21 12
-17 15
30 7
-35 37
-32 25
31 19
85 38
39 2
-3 39
-78 32
-37 9
-45 41
89 9
63 35
-15 40
-31 22
82 31
98 13
-98 10
58 40
-97 21
-89 3
-56 23
81 3
51 36
-48 28
92 10
56 38
-71 7
21 11
78 14
72 14
-23 20
89 35
-3 30
-86 33
-7 36
-43 5
24 20
-8 27
39 35
-64 28
2 21
30 24
-96 39
46 30
-45 7
88 5
-3 2
-97 10
25 25
-52 29
-84 19
-54 33
56 17
76 8
-8 30
85 24
-30 9
-56 3
-38 17
-93 31
-13 17
-34 25
94 38
-31 34
-72 37
80 12
-97 9
-48 17
91 3
-80 28
-20 28
17 18
89 41
34 14
74 14
29 26
50 19
70 32
-16 38
-20 39
29 41
40 8
99 28
24 34
5 32
30 17
-28 6
-49 22
-57 41
-17 40
-2 18
43 2
-92 18
97 2
-58 28
-52 34
-62 10
-71 39
68 35
-80 12
-67 13
44 7
64 38
-92 34
-74 26
30 29
97 31
-82 22
7 12
-10 31
36 28
-23 40
-13 22
93 18
18 40
-76 40
-11 24
42 29
-76 6
-35 11
-45 37
-2 12
37 25
-70 2
41 35
-35 36
58 24
-74 20
-72 33
-27 11
31 32
-2 22
23 41
94 27
-11 41
78 5
13 3
-25 7
-8 41
-5 11
-69 10
-3 21
-15 26
-82 28
26 30
55 1
62 4
9 17
-48 41
38 20
54 10
-5 28
4 21
30 34
14 41
-53 41
-56 11
62 25
19 32
91 20
61 20
-25 36
16 41
53 12
34 16
-12 32
55 21
96 40
1 15
17 24
42 14
-59 37
84 15
79 28
-91 12
30 41
76 21
-6 14
55 39
0 1
-68 11
17 39
58 33
-18 33
-98 33
-66 38
-35 13
22 10
-16 5
80 36
-82 1
67 22
-39 35
-76 37
0 22
37 32
47 13
7 36
-78 3
-48 37
-12 17
16 8
24 33
91 37
63 29
-82 5
73 28
-36 23
54 5
-99 2
-3 14
0 6
-91 1
-25 9
26 5
-22 13
50 1
-9 26
2 26
-86 38
-86 10
16 16
2 20
-98 26
67 19
99 5
60 13
15 22
-55 24
60 39
91 30
-15 19
36 20
-51 33
54 41
7 23
83 25
0 21
42 30
-15 15
82 34
12 1
81 14
-59 4
-42 5
93 19
-91 24
-78 36
63 11
-90 19
24 12
-89 30
-16 23
-8 32
62 23
-52 32
56 41
17 23
75 18
36 4
-36 11
65 1
92 24
14 33
-47 31
57 2
-99 8
14 28
63 2
-96 32
73 9
-59 38
86 7
-24 13
47 9
81 28
64 6
63 12
77 26
57 4
75 21
-16 2
-55 27
-66 5
-72 8
-76 27
-41 8
60 10
-58 38
36 26
64 40
21 9
62 33
88 21
89 8
-74 34
-98 2
-39 36
-89 35
-73 22
18 37
-90 20
50 27
-71 31
-6 21
-19 1
-88 16
46 15
19 3
-20 4
58 12
-82 36
-99 21
48 23
23 40
-99 16
52 28
-80 25
-84 38
-47 12
-20 25
-22 23
-90 22
56 22
66 40
-10 9
44 28
51 11
29 39
90 36
-22 16
-95 32
54 23
-85 16
4 41
-46 14
-20 38
73 16
-97 27
-74 22
65 29
-45 22
53 30
-75 26
64 35
-14 30
-5 34
-26 33
25 29
-22 33
-6 30
82 33
94 3
78 9
-35 19
14 2
-68 38
38 10
68 1
-90 13
62 8
35 27
70 13
-40 15
91 13
69 29
-61 29
73 10
-82 7
-37 3
-15 41
-2 11
33 30
66 37
-2 32
-84 41
-36 2
98 6
88 35
-63 15
-82 32
-62 19
70 3
8 37
-59 16
-15 34
4 36
-94 17
-36 36
-54 34
-94 29
61 24
65 22
84 38
63 22
84 24
-68 19
99 4
52 27
68 18
0 18
-55 36
-64 18
97 15
-22 40
-91 17

196 13
-8 5
43 12
51 12
-95 5
54 12
-41 5
72 12
-87 12
41 5
-10 12
-36 5
11 12
18 12
89 5
67 5
8 5
32 5
83 5
-59 12
26 5
14 5
-24 5
38 12
-64 5
12 5
-30 5
-4 5
18 5
0 5
58 5
-63 12
-6 5
8 12
-37 5
-71 12
-66 5
51 5
9 5
59 12
-19 5
80 5
72 5
-63 5
-98 12
-3 5
64 5
-51 12
-90 12
53 5
-96 12
50 12
-75 12
7 5
66 12
70 12
-26 5
2 5
46 12
-92 12
-55 5
-23 12
32 12
99 12
55 5
84 5
7 12
1 12
90 5
-1 12
-99 5
3 5
22 12
-25 5
-21 12
21 5
62 5
-9 12
47 5
86 5
-5 5
-15 5
-54 5
-14 5
1 5
88 5
-35 12
-34 5
-31 12
-1 5
-93 12
85 12
-83 12
28 12
47 12
42 12
-98 5
4 5
97 5
-48 5
-25 12
80 12
96 12
64 12
-33 12
50 5
49 5
-85 12
-38 5
0 12
87 5
70 5
85 5
91 12
15 5
23 5
-47 12
-94 5
-45 5
-71 5
-57 5
10 5
-52 5
-40 12
-57 12
-36 12
-32 12
28 5
-23 5
63 12
-2 12
-56 5
92 12
65 5
-15 12
56 12
-27 12
-76 5
29 12
-7 5
68 12
-96 5
20 12
91 5
10 12
-82 5
9 12
-76 12
23 12
-52 12
-11 5
78 11
83 9
35 12
48 4
-89 6
95 10
-6 3
-41 3
-44 6
48 6
1 9
-32 5
86 1
-92 3
-1 2
74 11
-69 4
-78 3
55 4
-70 7
29 4
-78 8
-79 1
-82 6
94 12
-46 3
72 2
-97 5
19 1
-39 8
4 1
0 13
-5 7
-11 1
38 2
74 7
50 13
67 10
-94 11
-10 10
-19 12
72 4
90 1
92 13
63 10
49 12

295 41
-91 9
-89 40
33 9
-10 9
-33 40
35 40
50 9
-81 9
2 40
-56 9
-84 9
-50 9
74 40
-3 9
-68 40
30 9
-96 40
94 9
-32 40
-82 40
-42 9
57 9
24 9
21 40
77 40
-7 9
-49 9
70 40
-78 9
69 40
60 40
-35 9
63 40
13 40
18 9
-71 9
-60 9
4 40
20 9
-13 9
47 9
-88 40
-39 40
39 40
63 9
-80 40
-30 40
-58 9
28 40
-4 9
-55 9
12 9
-27 9
27 40
83 40
-24 40
-17 9
-97 40
92 40
28 9
-85 9
55 40
-10 40
76 9
-53 9
-30 9
-16 9
-70 40
-51 9
-81 40
0 40
66 9
-82 9
-65 40
40 9
-37 9
58 9
-25 9
-47 40
82 40
46 40
23 40
-56 40
-48 40
-66 9
-22 40
-20 40
-19 9
-83 40
65 40
-43 9
38 40
16 9
-72 9
67 9
58 40
-4 40
96 9
-57 9
-67 40
37 9
-62 9
19 40
-83 9
-86 40
52 40
34 40
77 9
29 40
-61 40
-8 9
98 40
36 40
-44 9
-88 9
39 9
43 9
5 40
-96 9
-64 9
-12 40
-43 40
56 9
-34 9
5 9
-29 9
-42 40
29 9
4 9
97 9
-14 40
42 40
-89 9
-8 40
3 40
-76 9
-52 9
-31 40
-1 9
85 40
27 9
-22 9
-67 9
-85 40
-18 9
62 9
-68 9
-24 9
-70 9
-9 40
-4 15
92 21
-32 8
-91 33
-49 29
-61 15
61 20
99 26
-84 15
-62 31
30 22
37 41
21 25
58 27
58 17
7 22
-91 38
-9 11
-18 18
-63 25
-4 13
-22 18
-78 37
-23 28
0 17
51 6
22 20
96 31
-70 10
-66 2
-96 23
-60 18
51 22
62 16
-2 37
-49 4
-41 34
61 7
91 5
-88 36
-22 37
-94 34
12 26
37 15
47 38
-2 36
90 24
79 12
28 27
-37 8
60 28
-20 5
0 36
80 9
38 20
0 15
-76 31
-58 12
-48 36
-85 13
67 10
-32 11
93 25
-30 30
-16 19
48 2
-95 23
-19 19
43 14
5 3
-74 31
-43 7
17 18
-33 5
-39 41
-25 22
10 5
37 35
-78 34
5 4
64 36
56 29
-59 41
38 19
-52 37
90 26
70 31
-60 32
81 4
-34 15
70 25
82 19
96 24
10 25
-34 17
69 34
86 28
-11 17
-6 28
-27 37
-28 17
-99 41
-7 5
-78 26
-36 32
-94 10
-22 39
-21 10
-76 5
-87 4
78 2
-92 22
58 35
-12 33
1 21
87 32
35 13
9 20
-88 26
-48 9
60 12
-61 10
-12 30
-36 11
66 25
-47 8
72 40
7 14
-10 30
38 26
-71 35
99 5
94 18
40 23
50 38
-25 14
-73 14
-19 27
67 11
-97 9
-24 28
-73 3
26 18
72 12
-20 35

300 5
1 3
-62 3
-88 4
-71 4
51 3
34 4
83 3
76 4
43 3
-79 4
-9 3
71 4
41 4
30 3
-81 4
-21 3
-50 3
32 3
0 4
2 3
0 3
-97 4
-99 4
-17 3
59 4
84 4
-58 3
-89 3
10 3
88 3
-61 3
67 4
10 4
-10 4
-96 3
78 4
91 3
74 4
43 4
-82 3
-1 3
-55 3
38 4
-45 4
79 4
-30 4
98 3
66 4
-15 4
92 4
79 3
14 3
64 3
25 3
-52 3
-84 4
-19 4
35 4
62 3
76 3
86 3
93 4
-38 4
-30 3
-32 4
4 4
68 4
-73 3
-23 3
-22 4
61 4
-87 4
6 3
-36 4
-12 3
52 3
61 3
-27 4
7 3
7 4
30 4
-57 3
-77 3
95 3
-31 4
90 3
45 4
-85 3
-27 3
-63 3
-90 4
86 4
52 4
3 4
39 4
-95 3
72 3
-33 4
60 4
20 3
15 4
-98 4
-42 3
-66 4
-11 3
-13 3
-15 3
-51 4
98 4
17 4
41 3
-58 4
97 4
-54 4
-82 4
-46 3
-14 3
-72 3
-84 3
46 3
-13 4
-25 3
-5 4
80 4
-92 4
26 4
-35 4
94 4
-81 3
-54 3
55 4
97 3
33 4
-42 4
50 3
59 3
16 4
-29 4
-94 3
-68 3
-39 4
78 3
-75 3
-76 4
31 4
47 4
-70 3
-72 4
29 4
-45 3
95 2
-86 4
12 2
-24 5
-5 3
74 3
62 5
-54 1
-64 3
54 2
-17 2
2 4
-46 1
99 5
55 3
55 2
60 1
47 1
-56 2
49 2
-76 5
18 4
-80 5
-4 1
65 3
-43 5
-74 3
39 1
-41 1
96 5
-57 2
-87 5
89 1
-63 4
-19 2
-70 1
-95 4
-28 4
-44 4
79 1
9 2
-38 2
7 1
-67 1
45 5
82 3
-6 4
-60 3
28 4
96 4
14 5
19 3
23 2
-70 4
85 4
-62 4
-77 2
-72 5
-67 4
-51 2
-29 2
-45 1
-2 2
77 1
3 5
-20 5
-30 5
-10 5
5 3
49 4
-37 1
-63 1
46 4
-75 2
-43 3
83 1
-65 3
-8 2
-47 1
94 3
97 2
-22 3
21 4
-94 1
52 2
29 5
-80 2
-9 4
70 5
-92 1
14 2
-2 1
-16 1
-11 1
61 1
53 2
20 4
-98 2
83 5
99 1
57 1
92 5
-23 4
-78 5
-74 5
-11 5
-77 1
-93 5
-32 5
-6 1
-44 2
-21 5
-56 1
-40 5
48 1
-24 4
86 1
-3 2
25 1
-86 1
-89 1
63 5
40 2
22 5
-98 3
-93 3
32 2
-78 1
-34 5
40 5
2 5
-69 4
41 2
82 5
-2 4
-97 2
69 4
-91 1
-58 5
-36 5
-96 4
-79 5
27 3
27 1
65 1
-87 1
54 3
-4 4
75 3
-68 5

0 0
