2 1
2 3
6 1
2 0 0 0 0 3
8 8
1 1 1 1 1 1 1 1
1 1 1 1 1 1 1 1
1 1 1 1 1 1 1 1
1 1 1 2 3 1 1 1
1 1 1 1 1 1 1 1
1 1 1 1 1 1 1 1
1 1 1 1 1 1 1 1
1 1 1 1 1 1 1 1
8 8
1 1 1 1 1 1 1 1
1 1 1 1 1 1 1 1
1 1 1 1 1 1 1 1
1 1 2 1 3 1 1 1
1 1 1 1 1 1 1 1
1 1 1 1 1 1 1 1
1 1 1 1 1 1 1 1
1 1 1 1 1 1 1 1
4 4
0 0 0 2
0 0 0 0
0 0 0 0
0 0 0 3
10 10
0 3 0 0 0 0 0 0 0 0
1 1 1 0 0 1 0 1 0 0
0 0 0 0 0 0 0 0 0 1
1 0 1 1 0 0 1 0 0 1
1 0 0 1 1 1 1 1 0 1
1 1 1 2 0 1 1 0 1 1
1 0 1 0 0 0 1 0 1 0
1 1 0 0 1 1 0 1 1 0
0 1 0 1 0 0 0 0 0 1
0 1 1 1 0 1 0 1 1 0
20 20
0 1 0 0 0 0 1 0 1 0 0 1 0 2 0 1 0 1 0 0
1 0 0 1 0 0 0 0 0 0 0 0 0 1 1 1 0 1 0 1
0 0 1 0 1 0 0 0 0 1 1 0 0 1 1 0 0 0 1 0
0 0 0 0 0 1 0 0 0 0 1 0 0 0 1 1 1 0 0 1
0 0 0 0 0 1 1 0 0 0 0 0 1 0 0 1 1 0 0 1
0 0 0 0 0 0 1 0 0 1 1 0 0 1 0 1 0 0 0 1
1 0 0 0 1 1 0 0 0 0 0 0 0 0 0 0 1 0 1 1
1 1 0 0 0 0 0 1 0 0 0 0 0 0 3 0 1 0 0 0
0 0 1 1 0 0 1 0 1 1 0 0 0 0 0 1 0 1 1 0
1 1 0 1 1 0 0 1 0 0 0 0 1 0 0 0 1 1 0 0
0 0 0 1 1 1 0 0 0 0 0 0 1 1 1 0 0 1 0 0
1 0 1 0 0 1 0 1 0 1 0 1 0 0 0 1 0 1 0 0
0 1 1 0 0 0 1 0 0 1 0 1 1 1 0 1 0 1 0 0
0 1 0 0 1 1 0 1 0 1 0 1 0 1 1 1 1 1 0 1
1 0 0 0 0 1 0 0 0 0 1 0 0 0 0 1 1 0 0 0
0 0 1 0 0 0 1 0 1 0 0 1 0 0 0 0 0 0 0 1
0 0 0 0 0 0 0 1 0 1 0 1 1 0 1 1 0 1 1 1
1 1 0 0 0 1 0 0 1 0 1 0 1 0 1 0 0 0 0 1
0 1 0 0 1 0 1 0 0 0 1 0 0 1 0 0 0 0 0 1
1 0 1 1 1 0 0 0 0 1 0 1 0 0 0 0 1 1 0 1
20 20
1 0 0 0 0 1 2 0 0 0 0 0 0 0 1 0 0 0 1 0
0 0 0 0 0 1 1 0 0 1 1 0 0 0 0 0 0 0 0 1
0 0 1 0 1 0 0 1 0 0 0 0 0 0 0 0 0 0 0 0
0 1 0 0 0 0 1 0 0 1 0 0 0 0 0 0 1 0 0 0
0 0 0 1 0 0 0 0 1 0 0 0 1 1 0 0 0 0 0 0
1 0 0 0 0 0 0 0 1 0 0 0 0 0 0 0 0 0 1 0
0 1 0 0 0 1 1 1 0 0 0 0 0 1 0 0 1 0 0 1
0 0 1 0 0 0 0 0 0 0 0 0 0 1 0 1 0 0 1 0
0 0 1 0 0 0 0 1 0 0 0 0 0 0 0 0 0 0 0 0
0 0 0 0 0 0 0 0 1 0 1 0 0 0 0 0 0 0 0 0
0 0 0 1 1 0 0 0 0 1 0 0 0 1 0 0 0 0 0 0
0 0 0 0 0 0 1 0 1 0 0 0 1 0 1 1 1 1 0 0
0 0 0 0 0 1 0 1 0 0 0 0 0 0 0 1 0 0 1 0
0 0 1 0 1 0 3 1 1 0 1 0 0 0 0 0 1 0 1 0
0 0 0 0 1 0 0 0 0 0 0 0 0 0 0 0 1 0 0 1
1 0 0 0 0 0 0 0 1 0 0 0 0 0 0 0 0 0 1 1
0 0 0 0 0 0 1 0 0 0 0 0 0 0 0 1 0 1 0 0
0 1 0 0 1 0 0 0 0 0 1 1 0 0 1 0 0 0 0 0
0 0 1 0 1 0 0 0 1 0 1 0 0 0 1 0 1 0 1 0
0 0 0 0 0 0 0 0 0 1 1 0 0 0 0 0 0 0 0 0
13 13
0 0 1 0 0 1 0 0 1 1 1 0 0
0 1 1 1 0 0 1 0 1 1 0 1 3
0 1 0 0 1 0 0 1 0 0 0 1 1
1 0 1 1 0 1 0 1 1 0 0 0 1
0 1 0 0 1 1 1 1 1 1 0 0 1
0 1 0 0 0 1 1 1 0 1 0 0 0
0 0 0 0 2 0 0 1 0 0 0 1 0
1 0 1 1 0 1 0 0 1 1 0 0 0
1 0 0 0 0 1 0 1 0 1 0 1 1
1 1 1 1 0 0 1 1 1 0 0 1 1
1 1 1 0 1 0 1 0 1 0 1 0 1
1 0 1 1 1 0 0 0 0 1 1 1 0
0 1 0 1 1 1 1 0 1 1 1 0 0
12 12
1 1 0 0 0 1 1 1 0 1 0 1
0 1 1 0 0 0 1 0 0 0 0 1
0 1 0 1 0 0 0 0 0 1 1 1
1 1 1 0 0 0 0 0 0 0 1 0
1 0 0 0 1 0 0 1 0 0 0 1
0 1 0 2 0 1 1 0 0 0 0 1
1 0 0 1 0 0 0 1 1 1 1 0
1 0 1 1 1 1 1 0 0 0 1 3
0 0 0 0 0 1 1 0 0 1 0 0
0 0 0 1 0 0 0 0 0 0 0 0
0 0 0 1 0 1 0 0 0 0 1 0
0 1 0 1 0 0 1 0 0 0 1 0
18 18
0 0 0 0 0 0 0 0 0 0 0 0 0 0 1 1 0 0
0 0 3 1 0 0 0 0 0 1 0 0 0 1 0 0 0 1
0 0 1 0 0 0 0 0 1 1 0 0 0 0 0 0 0 0
0 0 1 1 0 1 0 0 1 1 1 1 1 0 0 0 0 0
1 0 1 0 0 0 0 0 0 0 1 0 1 1 0 0 0 0
1 1 0 0 1 0 0 0 0 0 0 0 1 0 0 0 0 0
0 0 1 0 1 0 1 0 0 0 0 0 1 0 1 0 0 1
0 1 1 0 1 0 0 0 1 0 0 0 0 0 0 1 1 0
0 0 0 0 1 1 0 0 0 1 1 0 0 0 0 0 0 1
0 0 1 0 1 0 0 0 0 1 0 0 0 0 0 1 0 0
0 0 0 0 1 0 0 0 0 0 0 1 0 0 0 0 0 0
0 0 1 0 0 0 0 0 0 0 1 1 0 1 0 1 1 0
0 0 0 1 0 0 0 0 0 0 0 0 0 0 0 0 0 0
0 0 1 1 0 2 0 0 1 0 1 1 1 0 0 0 0 1
0 1 0 0 0 0 0 0 1 0 0 1 0 0 1 0 0 0
0 0 0 1 0 0 0 0 0 0 0 1 0 0 1 0 0 0
0 0 1 1 0 0 1 0 1 1 0 0 1 0 0 0 0 0
0 0 0 1 0 0 0 0 0 0 0 0 1 0 1 0 1 0
17 17
0 0 1 0 0 1 1 1 1 1 1 0 1 1 0 1 1
1 1 0 1 0 0 1 1 0 1 1 0 1 1 1 1 0
1 3 1 1 1 1 1 1 0 0 1 0 1 1 1 1 0
1 1 1 1 0 1 1 1 0 1 1 1 1 0 0 1 1
1 1 1 1 1 0 1 1 1 0 0 0 1 0 0 0 1
1 1 0 1 0 1 1 1 1 0 1 1 0 0 1 0 1
1 1 1 0 1 0 0 0 0 1 1 0 1 0 1 1 1
0 1 0 2 1 0 1 1 1 1 0 1 1 0 1 1 1
1 1 1 0 1 1 1 1 1 0 1 1 1 0 0 0 1
1 0 1 1 0 0 1 0 1 0 0 1 0 0 1 1 1
1 0 1 1 0 0 1 0 1 1 1 1 0 1 0 1 1
1 0 1 1 1 1 1 1 1 1 1 1 1 1 1 1 1
1 1 1 0 1 1 0 0 1 1 1 1 1 1 1 0 0
0 1 1 0 1 1 1 1 1 1 1 0 1 1 0 1 1
1 1 0 0 1 1 0 0 0 0 1 1 1 1 0 0 1
0 0 1 1 1 1 1 1 0 1 1 1 1 1 1 1 0
0 0 1 1 0 0 1 1 1 0 1 0 0 1 0 1 1
17 17
0 0 0 1 0 1 0 1 1 0 0 1 0 0 0 1 1
0 0 0 1 0 1 1 1 1 0 0 1 0 0 0 0 1
1 0 1 1 1 1 0 0 1 0 0 0 1 0 1 1 1
0 1 0 0 1 0 0 1 0 1 0 1 0 0 1 0 0
1 0 0 1 0 0 0 0 0 0 0 0 0 0 1 0 0
1 1 1 1 1 0 1 0 1 1 1 1 1 0 0 1 1
0 0 0 0 0 0 1 0 1 0 1 0 1 1 1 1 0
1 1 1 1 0 0 0 0 1 1 1 1 0 0 1 1 1
0 0 0 1 0 1 1 1 1 0 0 1 0 0 0 0 1
0 0 1 0 0 3 0 1 0 0 0 1 1 1 1 0 0
1 0 1 1 0 2 1 0 0 0 0 0 1 1 1 1 0
0 1 1 1 0 0 0 0 0 0 1 1 0 0 1 0 1
0 0 1 0 1 1 1 0 0 1 0 0 1 0 1 1 0
0 1 0 1 0 0 0 0 1 1 0 0 0 1 1 1 1
1 0 1 0 0 0 0 0 0 0 1 0 0 1 0 1 0
0 1 1 1 1 0 1 1 1 1 0 0 0 1 0 1 1
0 1 0 0 0 1 0 1 1 0 1 0 0 1 0 0 1
20 20
0 0 0 0 1 1 0 1 0 0 1 0 0 0 0 1 0 0 1 0
0 0 0 0 0 0 0 0 0 0 1 0 1 1 0 1 0 1 0 0
0 0 1 1 0 1 0 0 0 0 1 1 1 0 0 0 0 0 0 1
0 0 1 1 0 0 1 0 0 1 1 1 0 1 0 0 0 0 0 1
1 0 0 0 1 1 0 1 0 1 0 0 0 0 0 0 0 0 0 0
0 1 1 0 1 0 1 0 1 0 1 0 1 0 0 0 1 0 0 0
0 0 0 0 0 0 0 0 0 1 1 0 0 0 1 1 1 0 1 0
0 0 1 1 0 0 1 0 1 0 0 0 1 1 1 0 0 0 0 1
1 0 1 0 0 1 1 1 0 0 1 1 1 0 1 0 0 0 0 0
1 1 0 0 0 1 0 0 0 0 0 1 0 0 1 0 0 0 0 0
1 0 0 0 0 0 0 0 0 0 0 3 0 0 0 0 1 0 0 1
0 0 0 0 1 0 0 0 0 0 0 0 1 1 1 0 1 0 1 1
0 1 0 0 1 0 0 0 0 0 1 0 0 1 0 1 0 0 1 1
0 0 1 0 0 0 1 0 1 1 0 0 0 0 1 0 0 0 1 0
0 0 1 0 0 0 1 0 0 0 1 1 0 0 1 0 0 1 0 0
0 0 0 0 1 0 0 0 0 1 0 0 1 1 1 0 0 0 1 0
0 0 0 0 1 0 0 0 0 1 1 0 0 1 0 0 0 0 0 0
0 0 0 0 0 1 0 0 1 1 1 1 1 0 0 0 1 1 0 0
0 0 0 0 2 0 1 1 0 0 0 1 0 0 0 0 0 0 0 0
1 0 1 1 0 0 0 0 0 1 1 1 0 1 0 0 0 0 0 0
10 10
0 0 0 0 0 0 0 0 0 0
0 0 0 0 0 0 0 1 0 0
0 0 1 0 0 0 0 0 0 1
0 0 0 0 0 0 0 0 0 0
0 1 0 0 0 0 0 0 0 1
0 0 0 0 0 0 0 0 0 0
0 0 0 0 0 1 0 0 0 0
0 0 0 0 0 0 0 0 0 0
2 0 0 0 0 0 1 0 1 0
0 0 0 3 1 1 0 0 0 0
11 11
1 1 0 1 0 0 0 0 1 1 0
1 1 0 0 0 1 1 1 1 0 1
1 0 1 0 0 1 1 1 1 0 0
1 0 0 1 1 0 0 0 0 1 1
1 0 0 0 0 0 1 0 1 1 1
0 1 1 0 2 1 1 0 0 0 0
3 0 1 1 0 0 1 0 0 1 0
0 0 1 0 1 1 0 0 1 0 1
1 1 0 1 1 0 0 0 0 1 0
1 1 0 1 1 0 1 1 1 1 0
1 1 1 0 0 1 1 0 1 0 1
10 10
3 0 0 1 1 1 1 1 1 1
0 1 1 0 0 1 0 1 1 1
1 1 0 2 0 1 0 1 0 1
1 0 0 1 1 0 1 0 0 0
0 1 0 1 0 1 1 1 1 1
1 0 1 1 0 1 1 1 1 1
0 1 0 0 1 1 1 1 1 0
1 1 1 0 0 1 1 1 1 1
0 0 1 1 0 1 0 0 0 1
1 1 1 1 0 1 0 1 1 0
16 16
1 0 1 0 0 0 0 0 0 0 0 0 1 0 0 1
0 0 0 0 0 3 1 1 1 0 1 1 0 0 1 0
0 1 0 1 0 0 1 0 0 1 0 0 0 0 0 1
0 0 0 1 1 0 1 1 0 0 0 0 0 0 0 0
0 0 0 0 1 0 1 1 0 1 0 0 1 1 1 0
0 0 0 1 0 0 0 1 1 1 0 2 0 0 0 0
0 1 0 0 1 1 0 0 1 0 0 0 1 0 0 0
1 1 0 1 1 0 0 1 1 0 0 0 0 1 0 0
0 0 0 0 0 1 0 0 0 0 1 0 0 0 1 0
0 0 1 0 0 1 0 1 1 1 1 0 0 1 1 0
1 0 1 0 0 0 1 0 0 1 0 0 1 0 0 0
0 0 1 1 0 0 0 0 1 0 0 0 1 0 0 1
0 0 0 0 1 1 0 1 0 0 0 0 0 0 0 0
0 1 0 1 1 0 0 0 0 0 1 0 0 0 0 0
1 1 0 0 0 0 0 0 0 0 0 0 1 0 0 0
1 0 0 0 0 0 0 0 0 0 0 1 0 0 0 1
17 17
0 1 0 0 1 0 0 0 0 0 0 0 0 1 1 0 0
0 0 0 0 0 0 0 0 0 0 1 0 0 0 0 0 1
0 0 0 0 0 0 0 0 0 0 1 0 0 0 1 0 0
1 0 0 1 0 0 0 0 0 0 0 0 0 0 0 0 0
0 0 0 0 0 0 0 0 0 0 0 0 1 0 0 0 0
1 0 0 0 0 1 0 1 0 0 1 0 0 0 0 0 0
0 0 0 0 0 0 0 0 1 0 0 0 0 0 0 1 1
0 0 0 0 0 0 1 0 1 1 0 0 1 0 1 1 0
0 0 0 0 0 1 0 0 0 0 0 0 1 0 0 1 0
0 0 1 0 0 0 0 0 1 0 0 0 0 0 1 0 0
0 0 0 0 3 0 0 0 0 0 0 0 0 0 1 0 0
0 0 0 0 0 1 1 0 1 0 0 0 0 0 0 0 0
0 0 1 0 0 0 0 0 0 0 1 0 0 0 0 0 1
0 0 0 0 0 0 0 0 0 0 0 0 0 1 0 0 1
0 2 0 0 0 0 0 1 0 0 0 0 0 0 1 0 1
0 0 0 0 0 0 0 0 1 0 0 0 0 0 0 0 0
0 0 0 0 0 1 0 0 0 0 1 1 1 0 0 0 0
19 19
0 0 0 0 0 0 1 1 0 0 0 0 0 0 0 0 0 0 0
0 0 0 1 0 1 0 0 1 0 0 0 0 0 0 0 0 1 1
0 1 1 0 1 0 0 1 0 0 1 1 1 1 0 0 0 0 0
0 1 1 0 1 0 0 0 0 0 0 1 0 0 1 0 0 0 1
1 1 0 0 1 0 0 0 1 0 0 0 0 0 0 1 1 0 0
0 0 0 0 0 1 0 1 0 0 0 0 0 0 0 1 0 0 0
0 0 0 0 1 0 0 0 0 0 0 0 0 1 0 0 0 0 1
0 1 0 0 0 0 0 1 0 0 0 0 0 1 0 0 0 0 1
1 1 0 0 0 1 0 0 1 0 0 1 0 0 0 1 1 0 0
0 1 1 1 0 0 1 0 0 0 0 0 0 1 0 0 0 1 0
0 0 0 0 0 0 0 0 0 0 1 0 0 1 0 0 0 0 0
0 0 1 1 0 1 0 0 1 0 0 1 1 0 1 0 0 0 0
0 0 2 0 1 0 0 0 1 0 0 0 1 0 0 1 0 0 0
1 0 0 0 0 0 1 1 0 1 0 0 3 0 0 0 0 0 1
0 0 0 0 1 1 0 1 1 0 0 1 0 0 0 1 0 0 0
0 0 0 0 1 1 0 0 0 0 0 1 0 0 0 0 0 0 0
0 1 0 0 1 1 0 0 1 0 0 0 0 0 0 1 0 0 1
0 0 0 0 1 0 0 1 0 0 0 0 0 0 0 0 0 0 0
0 1 1 0 0 1 0 0 0 1 0 0 1 0 1 1 1 0 0
18 18
0 0 0 0 0 0 0 0 0 0 0 0 0 0 0 0 0 0
0 0 0 0 0 0 0 0 0 1 0 0 0 0 0 0 0 0
0 0 0 0 0 0 0 0 0 1 0 1 0 0 0 0 0 0
0 0 1 0 0 0 0 0 0 0 0 0 1 0 0 0 0 0
0 0 0 0 0 0 1 0 0 0 0 0 0 0 0 1 0 0
0 0 0 0 0 0 0 0 1 0 1 0 0 0 0 1 0 0
1 0 0 0 0 0 0 0 0 0 0 0 0 0 0 0 0 0
0 0 0 0 0 0 0 0 0 0 0 0 1 0 0 0 0 0
0 0 0 0 0 0 0 1 0 0 0 0 0 0 0 0 0 0
0 0 0 0 1 0 0 0 0 0 0 0 0 3 0 0 1 0
0 0 1 1 0 0 0 0 0 0 0 0 0 0 0 0 0 0
0 0 0 0 2 0 0 0 0 0 0 0 0 0 0 0 1 0
0 0 0 0 0 0 0 0 0 0 0 0 0 0 0 0 0 0
0 0 0 0 0 0 0 0 0 0 0 0 0 0 0 0 0 0
0 0 0 0 0 0 0 0 0 0 0 0 0 0 0 0 0 0
0 0 0 0 0 0 0 0 0 0 0 0 0 1 0 0 0 0
0 0 0 0 0 0 0 0 0 0 0 0 1 0 1 0 0 0
1 0 1 0 1 0 0 0 0 0 0 0 0 0 0 0 0 0
18 18
0 0 0 0 1 0 0 1 1 0 0 1 0 1 0 0 0 0
0 0 1 1 0 0 0 1 0 1 0 0 0 0 0 0 0 0
0 0 0 0 0 1 0 1 0 0 1 0 0 1 0 0 0 1
1 1 0 0 0 0 1 0 0 0 1 0 0 1 0 0 0 0
0 0 2 0 0 0 0 0 0 1 0 0 0 0 0 0 0 0
0 0 0 0 0 1 0 0 0 0 0 0 1 1 0 0 0 0
0 0 0 0 0 0 0 0 0 0 0 0 1 0 0 0 0 0
3 0 1 0 0 0 0 0 0 0 0 0 0 0 1 0 0 0
0 0 0 0 0 0 0 0 0 0 0 0 0 0 0 0 0 0
1 0 0 0 0 0 0 0 1 0 0 0 0 0 0 0 0 0
0 1 0 0 0 0 0 0 0 0 0 0 0 0 0 0 0 0
1 1 0 0 1 1 0 0 0 0 1 1 0 0 0 1 0 1
1 0 1 0 1 0 0 0 1 0 0 0 0 0 0 1 0 0
1 0 0 0 0 0 0 0 0 0 0 0 0 1 0 0 0 0
0 1 0 0 0 0 1 0 1 0 0 0 0 0 0 0 0 0
0 0 0 0 0 0 0 0 1 0 0 0 0 0 0 0 0 0
0 0 0 0 0 0 0 0 0 1 1 0 0 0 0 0 0 0
0 0 0 0 0 0 0 0 0 1 0 0 0 0 0 1 0 0
9 17
0 0 0 1 0 0 0 0 0
0 0 1 0 0 0 0 1 1
0 3 0 1 0 1 0 0 0
0 0 0 1 1 1 1 1 1
1 0 1 0 1 1 1 0 0
1 0 0 0 0 0 0 1 0
1 0 1 0 1 0 0 0 1
1 0 0 1 0 0 1 0 0
0 0 1 0 0 1 1 0 1
0 0 0 0 1 1 0 0 0
0 1 1 0 0 0 1 1 0
0 1 0 1 1 0 0 1 1
0 0 0 0 0 1 1 1 0
0 1 0 1 0 0 1 0 1
0 0 0 0 0 1 0 0 1
2 0 0 0 0 0 1 1 1
0 0 0 0 0 1 1 1 1
9 9
0 0 0 0 1 0 0 1 0
1 1 0 0 1 0 0 0 0
1 0 0 0 1 1 0 0 1
0 0 1 0 1 0 0 0 3
0 0 1 0 1 0 0 0 0
1 0 0 0 0 0 1 0 0
0 1 2 0 0 0 1 0 0
0 1 0 1 0 0 1 1 0
0 0 1 1 0 1 0 1 0
10 10
1 0 0 0 0 0 0 0 1 0
0 0 0 0 0 0 0 0 0 1
0 1 1 0 0 0 0 0 0 0
0 0 3 0 1 0 0 0 0 0
0 0 1 0 0 0 0 0 0 0
0 0 0 0 0 1 1 0 0 0
0 0 0 0 0 0 0 0 0 0
0 1 0 0 0 0 0 0 1 0
0 0 0 0 0 0 0 0 0 2
1 0 0 0 0 0 0 0 0 0
14 14
0 0 0 0 0 1 0 0 0 0 1 1 0 1
0 0 1 1 0 1 1 1 1 0 1 0 1 0
0 0 0 1 1 1 1 1 0 1 0 0 0 0
0 0 1 1 0 0 1 0 1 0 0 0 0 1
0 0 0 0 1 0 0 0 0 1 0 0 0 0
0 1 0 0 1 1 0 0 0 1 0 0 0 0
0 1 1 0 1 1 0 0 1 0 0 0 0 0
0 0 1 1 0 0 0 1 1 1 0 1 0 0
1 1 1 1 0 1 0 0 0 0 1 1 0 0
0 0 0 0 1 0 0 0 0 0 1 0 1 0
0 1 1 0 0 0 0 0 0 1 0 0 0 1
0 0 0 1 1 1 1 0 2 1 1 1 1 1
0 0 0 0 0 0 1 1 0 3 0 0 0 0
0 0 0 0 0 0 0 0 0 0 0 1 1 1
14 14
1 1 0 0 0 1 0 1 0 0 1 1 1 1
0 0 1 0 0 1 1 0 0 1 1 1 0 0
1 1 0 1 1 0 1 0 0 0 1 1 0 1
0 0 1 0 0 0 1 0 0 1 0 3 1 0
0 1 1 0 0 1 1 1 1 0 2 1 0 1
1 0 0 0 1 0 0 0 0 0 1 0 1 0
1 1 1 0 1 0 1 0 0 1 0 1 1 0
1 0 1 0 1 1 0 0 0 0 1 0 1 0
0 0 0 0 0 1 0 0 1 0 1 1 0 1
0 0 0 1 1 0 1 1 1 0 1 0 1 0
1 0 1 1 1 1 1 0 1 0 0 1 0 0
1 0 1 1 1 0 1 0 0 1 1 1 1 1
0 0 0 0 0 0 0 0 0 0 1 1 1 1
0 0 0 1 0 1 1 1 0 1 1 1 1 0
17 17
1 1 1 1 1 1 1 1 1 1 1 0 1 1 1 0 1
0 1 0 0 1 0 0 1 1 1 0 1 0 0 0 1 0
0 1 1 1 0 0 0 1 1 0 0 0 1 1 0 1 1
0 1 1 0 1 0 0 1 1 1 1 1 1 1 1 0 0
1 1 0 1 0 1 0 0 1 0 1 1 0 1 1 1 0
1 1 0 1 0 1 1 1 0 0 2 1 1 1 0 0 0
0 1 1 0 0 1 1 0 0 0 1 0 0 0 1 1 1
1 1 1 0 1 1 1 1 0 0 1 1 1 0 0 0 1
1 0 1 1 0 0 3 0 0 1 1 0 1 0 0 1 0
1 1 1 1 0 1 1 1 0 0 1 1 1 0 0 1 1
1 1 0 0 1 1 1 0 0 1 1 0 1 1 1 0 0
1 0 0 1 0 0 0 0 1 1 1 1 1 0 1 0 1
1 0 1 1 1 1 1 0 0 1 1 0 1 0 1 0 1
1 1 0 1 1 1 0 1 1 1 1 0 0 1 1 1 1
1 1 1 1 1 0 1 0 0 1 1 1 0 1 1 1 1
1 0 0 1 0 1 0 1 1 1 1 1 0 1 1 1 1
1 0 1 1 1 1 0 0 1 1 1 1 0 1 0 1 1
11 11
0 0 1 0 1 0 0 1 1 2 0
0 1 1 0 0 1 0 0 0 0 1
1 0 0 0 1 1 0 0 0 0 1
0 0 0 1 1 0 0 0 0 0 1
1 0 0 1 0 0 0 0 0 1 3
0 1 0 1 0 0 1 1 1 0 1
0 0 0 0 0 0 1 0 1 1 0
0 0 0 0 0 0 0 0 0 1 0
0 0 0 0 0 1 0 0 0 1 0
0 1 1 0 1 1 0 0 1 1 0
0 0 0 0 1 1 0 1 1 1 0
6 6
0 1 0 1 1 0
0 1 0 1 0 1
1 0 1 1 0 0
1 0 0 0 0 2
0 0 0 0 1 0
1 1 3 0 1 0
8 8
0 0 1 1 0 1 0 0
1 0 1 0 1 2 0 1
0 0 1 1 0 0 1 0
1 0 0 0 0 0 1 0
0 0 0 1 1 1 0 1
0 1 0 0 0 1 1 1
0 1 0 0 0 1 1 1
0 1 0 3 1 0 0 0
16 16
0 1 1 1 1 0 0 0 1 0 1 0 0 0 0 0
0 0 0 1 1 0 1 1 1 1 0 0 0 0 1 0
0 0 1 0 0 0 0 0 0 0 0 0 3 0 0 0
0 1 0 0 1 1 1 0 0 0 1 1 0 0 1 1
0 0 1 0 1 0 1 0 0 0 0 0 0 1 0 0
0 1 1 0 1 1 0 0 1 1 0 0 0 1 1 0
0 0 0 0 1 0 0 0 0 1 0 1 0 0 1 0
0 1 1 1 1 0 0 0 1 1 1 1 0 0 0 0
0 1 1 0 0 1 0 1 0 0 0 0 0 0 1 0
0 1 0 1 0 0 1 0 0 0 1 0 0 0 0 0
1 1 0 0 0 1 0 1 0 0 1 1 0 1 0 0
1 0 0 0 0 0 1 1 0 0 0 0 0 0 0 0
0 0 0 0 1 0 0 0 1 0 0 1 0 0 0 1
0 1 1 1 1 1 0 0 1 0 0 0 0 1 1 0
1 0 0 1 0 0 1 1 1 0 0 0 2 0 0 0
0 0 0 0 1 0 1 1 0 1 1 1 1 0 0 1
19 19
0 0 0 0 0 0 0 0 0 1 0 0 0 0 0 0 0 0 0
1 0 0 0 0 0 0 1 0 0 0 0 0 0 0 0 0 0 1
0 0 0 1 0 0 0 0 0 0 0 0 1 0 0 0 0 0 0
0 1 0 0 0 0 0 0 0 0 0 0 0 0 0 1 0 0 0
0 0 1 0 0 0 0 0 0 0 0 0 0 0 1 0 0 0 0
0 0 0 0 0 0 0 0 0 0 0 1 0 0 0 0 0 0 0
0 0 0 0 0 0 1 1 0 0 1 0 0 0 0 0 0 0 0
1 1 0 2 0 0 0 0 0 0 0 0 1 0 0 0 0 1 0
0 0 0 0 0 0 0 0 0 0 0 0 0 0 0 1 0 1 0
0 0 0 0 0 0 0 0 0 0 0 0 0 0 1 0 0 0 0
0 0 0 0 0 0 0 0 0 0 0 0 0 0 1 0 0 0 0
0 0 0 0 0 0 0 0 0 0 0 0 0 3 0 0 0 0 0
0 0 0 0 1 0 0 0 0 0 0 0 0 0 0 0 0 0 0
0 0 0 0 0 0 1 0 0 0 0 0 0 0 0 0 0 0 0
0 0 0 0 0 0 0 0 0 0 0 1 1 0 0 0 0 0 0
0 0 1 1 0 0 0 0 0 0 0 0 0 0 0 0 0 0 0
0 0 0 0 0 0 0 0 0 0 0 0 0 0 0 0 0 0 0
0 0 0 0 0 0 0 0 0 0 0 0 0 0 0 0 0 0 0
0 0 0 0 0 0 0 0 0 0 1 0 0 0 0 1 0 1 0
12 12
0 1 1 0 1 1 0 0 0 1 1 0
1 0 0 1 0 0 1 1 1 0 1 1
0 0 0 0 0 1 0 1 0 1 1 1
0 0 1 1 1 1 0 1 1 1 1 0
1 0 0 1 1 0 1 0 0 0 0 0
1 0 0 0 1 0 0 1 0 3 1 0
1 1 1 1 1 1 0 0 0 0 1 0
0 1 0 0 1 1 1 0 1 0 0 1
0 1 0 1 0 0 0 0 0 0 0 1
0 0 2 0 0 0 0 0 0 0 1 0
1 1 0 0 1 1 0 1 1 1 0 0
0 0 1 0 0 0 1 0 1 0 1 0
14 14
1 0 0 0 0 1 0 0 0 0 0 1 1 0
0 1 1 1 1 0 1 1 0 0 0 1 0 1
0 0 0 0 1 0 1 0 1 1 1 0 0 0
0 0 0 1 0 0 1 1 0 0 1 0 0 0
0 1 1 0 1 0 1 1 0 0 0 1 0 1
0 1 1 2 0 0 0 0 0 0 0 0 0 1
0 1 0 0 1 1 1 0 0 0 1 1 1 0
0 0 0 0 1 1 1 0 0 0 0 0 1 0
1 0 0 1 0 0 0 1 0 1 0 0 0 1
1 1 0 0 0 0 0 1 1 1 1 0 0 1
0 0 1 1 3 1 1 0 0 1 0 0 0 0
0 0 0 0 0 0 0 1 1 0 0 1 0 1
0 0 1 0 0 1 1 0 1 0 0 1 1 0
0 0 0 0 0 1 0 0 1 1 1 0 0 1
18 18
1 0 0 1 0 1 1 0 1 1 1 1 0 0 0 0 0 1
0 0 0 0 1 0 0 0 0 1 0 1 0 0 0 0 0 0
0 1 1 1 0 0 1 1 0 1 1 0 0 0 1 0 0 0
0 0 0 0 0 0 0 1 0 0 1 0 0 1 0 0 0 1
1 1 0 1 1 0 0 1 0 0 0 0 0 3 0 1 0 0
0 0 0 0 0 0 1 0 0 0 0 1 0 1 0 0 0 0
0 1 0 0 0 0 0 0 1 1 0 0 1 1 0 0 0 0
0 1 0 0 0 0 0 0 1 1 0 0 0 0 1 0 1 0
0 0 0 1 1 1 1 0 0 0 0 0 0 0 0 0 1 0
0 1 1 0 0 0 0 0 0 1 0 1 0 1 0 0 1 1
0 0 0 1 1 0 0 1 0 0 2 0 0 0 0 0 1 0
0 1 0 0 0 1 0 0 0 0 0 1 0 0 0 1 1 0
0 0 0 0 1 0 0 0 0 0 0 0 0 1 0 0 1 0
1 1 1 1 1 0 1 1 1 0 1 0 1 0 1 0 1 0
0 0 1 0 0 1 0 1 0 0 0 0 0 1 0 1 1 1
1 0 1 1 0 1 1 0 0 0 0 1 0 0 1 1 1 1
1 0 0 0 0 0 0 0 0 0 0 0 0 0 0 0 0 0
1 0 0 0 1 1 0 0 0 0 0 0 0 0 1 0 0 1
19 19
1 0 0 1 1 0 1 1 1 1 1 1 1 1 1 1 1 1 1
1 1 1 1 1 1 1 0 1 1 0 1 1 1 1 1 0 1 1
0 1 0 0 1 0 0 0 1 1 1 1 0 1 0 1 1 1 1
1 1 1 0 0 1 1 1 1 1 0 1 1 1 1 0 1 1 1
0 1 0 0 0 3 1 1 1 1 0 1 0 1 1 1 1 1 1
1 1 1 1 1 1 1 1 0 0 0 1 0 1 1 1 1 1 1
0 1 0 1 1 0 1 1 1 0 1 1 1 1 1 1 1 0 1
1 1 1 1 1 0 0 1 1 1 1 1 0 1 1 1 1 0 1
1 0 1 0 0 1 1 1 1 1 0 1 0 0 1 1 0 1 1
1 0 1 1 1 1 1 1 1 1 1 1 1 0 1 0 1 1 1
0 1 1 1 1 0 1 0 1 1 1 1 1 1 1 1 1 1 1
1 1 1 0 1 1 1 0 1 0 1 0 1 0 1 1 0 1 1
1 1 1 1 1 0 1 1 1 1 1 0 1 1 1 1 1 1 1
1 0 1 0 1 1 1 1 1 1 0 0 1 0 1 1 1 1 0
1 0 0 1 0 1 1 1 0 1 1 1 0 1 1 1 1 1 1
0 0 1 1 1 0 1 1 1 1 1 1 0 1 1 1 1 1 1
1 0 1 1 0 1 0 1 1 1 1 0 0 0 1 1 0 0 1
0 2 1 1 1 1 1 0 0 1 1 1 0 0 1 0 1 1 1
1 0 1 1 1 1 1 0 1 1 1 1 1 1 0 1 1 1 1
19 19
1 0 0 1 0 1 1 0 1 0 1 1 1 1 1 1 1 0 1
1 1 0 0 1 1 0 1 0 0 1 1 1 0 0 1 0 1 1
0 0 1 0 1 1 1 0 0 1 1 1 0 1 1 0 0 0 1
0 0 0 0 0 0 0 1 0 0 0 1 0 1 0 0 1 0 0
0 1 0 0 1 0 1 1 1 0 0 1 0 0 0 0 0 0 1
0 0 1 3 0 1 0 0 1 1 0 1 1 1 1 1 0 0 1
0 1 0 1 0 0 1 0 1 0 0 1 0 0 0 1 0 0 1
0 1 0 1 1 1 1 1 1 0 1 1 1 1 0 1 0 0 1
0 0 1 0 1 1 1 1 2 1 1 0 0 1 1 1 1 1 1
1 0 1 1 0 0 0 0 0 1 1 0 0 1 1 0 1 1 0
0 1 0 0 0 1 0 1 0 0 1 1 1 1 1 0 0 0 1
0 1 1 1 0 1 1 0 0 1 1 0 1 1 0 0 1 0 0
1 1 0 0 1 0 0 0 1 0 0 1 1 0 0 1 0 0 0
1 1 1 0 1 0 1 1 1 0 1 1 1 0 0 1 1 1 0
0 0 0 1 0 0 1 0 1 1 1 1 1 1 0 0 0 0 1
0 1 1 0 0 0 0 0 1 1 0 1 0 0 0 0 0 0 0
1 1 1 1 0 1 0 0 1 1 1 0 0 0 1 0 1 1 1
1 0 1 0 1 1 1 1 0 0 1 0 1 1 1 1 1 1 0
0 1 0 0 1 0 0 0 0 1 1 0 0 1 0 1 0 1 1
20 20
0 0 0 1 1 0 1 0 0 0 0 0 0 0 1 0 0 1 0 0
0 1 0 1 0 0 1 0 0 1 1 0 0 0 1 1 0 0 1 0
0 1 1 0 1 1 0 0 0 0 0 1 0 1 0 0 1 0 1 0
0 0 1 1 0 0 0 0 0 1 0 1 0 1 0 0 1 0 0 1
0 0 1 1 0 0 0 1 0 0 0 0 1 0 0 1 0 0 1 0
0 0 0 0 0 1 0 0 0 1 0 0 0 1 1 1 0 0 0 0
0 0 1 0 1 0 0 0 0 1 1 1 0 0 0 0 1 1 1 0
0 1 0 0 0 0 0 0 0 1 0 0 0 0 0 0 0 0 0 0
0 0 1 0 1 0 0 0 1 0 0 0 0 0 0 0 0 0 1 1
1 1 0 0 1 1 0 0 1 0 0 0 0 1 0 1 0 0 1 0
0 0 1 1 0 0 0 1 1 0 1 0 1 0 2 1 0 0 0 0
0 1 0 1 0 1 0 0 0 0 0 0 1 0 0 0 1 1 1 1
0 0 0 1 0 0 0 0 1 0 0 0 0 0 0 1 0 0 0 0
0 0 1 0 1 1 0 0 0 1 0 1 1 0 0 1 0 0 0 0
1 0 0 0 0 0 1 0 0 0 0 1 0 0 1 1 1 0 1 1
0 0 0 1 0 0 1 1 0 1 0 0 0 0 0 1 0 0 0 0
0 0 0 0 1 1 1 0 0 0 0 1 1 0 0 0 0 0 0 0
0 0 0 0 1 0 0 0 0 0 1 1 0 0 0 1 1 1 0 0
1 0 1 1 1 1 0 0 0 0 0 0 0 0 0 0 1 1 1 0
3 0 0 1 0 0 1 0 0 1 1 0 1 1 1 0 0 0 0 0
0 0
