9

0
2
3
4
5
5
5
5
8
8
8
9
Here it is! 9
12
14
15
16
23
23
25
29
32
33
33
35
36
36
37
38
40
40
42
42
42
42
43
44
46
48
51
52
53
53
59
62
63
63
64
66
70
71
72
72
74
77
78
82
82
83
88
88
93
94
97
99
100
100
100
104
105
106
107
107
110
110
112
114
115
115
116
117
118
118
121
122
124
125
127
130
131
131
131
135
136
136
138
140
140
141
144
144
146
147
147
147
148
148
148
149
150
150
152
155
155
159
159
160
160
162
164
165
167
167
169
169
169
170
172
172
173
175
177
179
180
181
184
184
184
186
186
189
190
191
191
192
194
195
197
197
197
