9000000000000000000000000000000000000000000000000000000000000000000000000000000000000000000000000000
9000000000000000000000000000000000000000000000000000000000000000000000000000000000000000000000000000
9000000000000000000000000000000000000000000000000000000000000000000000000000000000000000000000000000
9000000000000000000000000000000000000000000000000000000000000000000000000000000000000000000000000000
9000000000000000000000000000000000000000000000000000000000000000000000000000000000000000000000000000
9000000000000000000000000000000000000000000000000000000000000000000000000000000000000000000000000000
9000000000000000000000000000000000000000000000000000000000000000000000000000000000000000000000000000
9000000000000000000000000000000000000000000000000000000000000000000000000000000000000000000000000000
9000000000000000000000000000000000000000000000000000000000000000000000000000000000000000000000000000
9000000000000000000000000000000000000000000000000000000000000000000000000000000000000000000000000000
9000000000000000000000000000000000000000000000000000000000000000000000000000000000000000000000000000
9000000000000000000000000000000000000000000000000000000000000000000000000000000000000000000000000000
9000000000000000000000000000000000000000000000000000000000000000000000000000000000000000000000000000
9000000000000000000000000000000000000000000000000000000000000000000000000000000000000000000000000000
9000000000000000000000000000000000000000000000000000000000000000000000000000000000000000000000000000
9000000000000000000000000000000000000000000000000000000000000000000000000000000000000000000000000000
9000000000000000000000000000000000000000000000000000000000000000000000000000000000000000000000000000
9000000000000000000000000000000000000000000000000000000000000000000000000000000000000000000000000000
9000000000000000000000000000000000000000000000000000000000000000000000000000000000000000000000000000
9000000000000000000000000000000000000000000000000000000000000000000000000000000000000000000000000000
9000000000000000000000000000000000000000000000000000000000000000000000000000000000000000000000000000
9000000000000000000000000000000000000000000000000000000000000000000000000000000000000000000000000000
9000000000000000000000000000000000000000000000000000000000000000000000000000000000000000000000000000
9000000000000000000000000000000000000000000000000000000000000000000000000000000000000000000000000007
9000000000000000000000000000000000000000000000000000000000000000000000000000000000000000000000000000
9000000000000000000000000000000000000000000000000000000000000000000000000000000000000000000000000000
9000000000000000000000000000000000000000000000000000000000000000000000000000000000000000000000000000
9000000000000000000004000000000000000000000000000000000000000000000000000000000000000000000000000000
9000000000000000000000000000000000000000000000000000000000000000000000000000000000000000000000000000
9000000000000000000000000000000000000000000000000000000000000000000000000000000000000000000000000000
9000000000000000000000000000000000000000000000000000000000000000000000000000000000000000000000000000
9000000000000000000000000000000000000000000000000000000000000000000000000000000000000000000000000000
9000000000000000000000000000000000000000000000000000000000000000000000000000000000000000000000000000
9000000000000000000000000000000000000000000000000000000000000000000000000000000000000000000000000000
9000000000000000000000000000000000000000000000000000000000000000000000000000000000000000000000000000
9000000000000000000000000000000000000000000000000000000000000000000000000000000000000000000000000000
9000000000000000000004000000000000000000000000000000000000000000000000000000000000000000000000000000
9000000000000000000000000000000000000000000000000000000000000000000000000000000000000000000000000000
9000000000000000000000000000000000000000000000000000000000000000000000000000000000000000000000000000
9000000000000000000000000000000000000000000000000000000000000000000000000000000000000000000000000003
9000000000000000000000000000000000000000000000000000000000000000000000000000000000000000000000000000
9000000000000000000000000000000000000000000000000000000000000000000000000000000000000000000000000000
9000000000000000000000000000000000000000000000000000000000000000000000000000000000000000000000000000
9000000000000000000004000000000000000000000000000000000000000000000000000000000000000000000000000000
9000000000000000000000000000000000000000000000000000000000000000000000000000000000000000000000000000
9000000000000000000000000000000000000000000000000000000000000000000000000000000000000000000000000000
9000000000000000000000000000000000000000000000000000000000000000000000000000000000000000000000000000
9000000000000000000000000000000000000000000000000000000000000000000000000000000000000000000000000000
9000000000000000000000000000000000000000000000000000000000000000000000000000000000000000000000000000
9000000000000000000000000000000000000000000000000000000000000000000000000000000000000000000000000000
9000000000000000000000000000000000000000000000000000000000000000000000000000000000000000000000000000
9000000000000000000000000000000000000000000000000000000000000000000000000000000000000000000000000000
9000000000000000000000000000000000000000000000000000000000000000000000000000000000000000000000000000
9000000000000000000000000000000000000000000000000000000000000000000000000000000000000000000000000000
9000000000000000000000000000000000000000000000000000000000000000000000000000000000000000000000000000
9000000000000000000000000000000000000000000000000000000000000000000000000000000000000000000000000001
9000000000000000000000000000000000000000000000000000000000000000000000000000000000000000000000000000
9000000000000000000000000000000000000000000000000000000000000000000000000000000000000000000000000000
9000000000000000000000000000000000000000000000000000000000000000000000000000000000000000000000000000
9000000000000000000000000000000000000000000000000000000000000000000000000000000000000000000000000000
9000000000000000000000000000000000000000000000000000000000000000000000000000000000000000000000000000
9000000000000000000000000000000000000000000000000000000000000000000000000000000000000000000000000000
9000000000000000000000000000000000000000000000000000000000000000000000000000000000000000000000000000
9000000000000000000000000000000000000000000000000000000000000000000000000000000000000000000000000000
9000000000000000000000000000000000000000000000000000000000000000000000000000000000000000000000000000
9000000000000000000000000000000000000000000000000000000000000000000000000000000000000000000000000000
9000000000000000000000000000000000000000000000000000000000000000000000000000000000000000000000000000
9000000000000000000000000000000000000000000000000000000000000000000000000000000000000000000000000000
9000000000000000000000000000000000000000000000000000000000000000000000000000000000000000000000000000
9000000000000000000000000000000000000000000000000000000000000000000000000000000000000000000000000000
9000000000000000000000000000000000000000000000000000000000000000000000000000000000000000000000000000
9000000000000000000000000000000000000000000000000000000000000000000000000000000000000000000000000000
9000000000000000000000000000000000000000000000000000000000000000000000000000000000000000000000000000
9000000000000000000000000000000000000000000000000000000000000000000000000000000000000000000000000000
9000000000000000000000000000000000000000000000000000000000000000000000000000000000000000000000000000
9000000000000000000000000000000000000000000000000000000000000000000000000000000000000000000000000000
9000000000000000000000000000000000000000000000000000000000000000000000000000000000000000000000000000
9000000000000000000000000000000000000000000000000000000000000000000000000000000000000000000000000000
9000000000000000000000000000000000000000000000000000000000000000000000000000000000000000000000000000
9000000000000000000000000000000000000000000000000000000000000000000000000000000000000000000000000000
9000000000000000000000000000000000000000000000000000000000000000000000000000000000000000000000000000
9000000000000000000000000000000000000000000000000000000000000000000000000000000000000000000000000000
9000000000000000000000000000000000000000000000000000000000000000000000000000000000000000000000000000
9000000000000000000000000000000000000000000000000000000000000000000000000000000000000000000000000000
9000000000000000000000000000000000000000000000000000000000000000000000000000000000000000000000000000
9000000000000000000000000000000000000000000000000000000000000000000000000000000000000000000000000000
9000000000000000000000000000000000000000000000000000000000000000000000000000000000000000000000000000
9000000000000000000000000000000000000000000000000000000000000000000000000000000000000000000000000000
9000000000000000000000000000000000000000000000000000000000000000000000000000000000000000000000000000
9000000000000000000000000000000000000000000000000000000000000000000000000000000000000000000000000000
9000000000000000000000000000000000000000000000000000000000000000000000000000000000000000000000000000
9000000000000000000000000000000000000000000000000000000000000000000000000000000000000000000000000000
9000000000000000000000000000000000000000000000000000000000000000000000000000000000000000000000000000
9000000000000000000000000000000000000000000000000000000000000000000000000000000000000000000000000000
9000000000000000000000000000000000000000000000000000000000000000000000000000000000000000000000000000
9000000000000000000000000000000000000000000000000000000000000000000000000000000000000000000000000000
9000000000000000000000000000000000000000000000000000000000000000000000000000000000000000000000000000
9000000000000000000000000000000000000000000000000000000000000000000000000000000000000000000000000000
0


