5 5 10
0 1 1
1 1 2
2 1 3
3 1 4
4 2 1
5 2 2
6 2 3
7 2 4
8 3 3
9 4 3
50 50 1
0 0 1
6 6 11
0 1 2
1 1 5
2 2 1
3 2 2
4 2 3
5 2 5
6 3 1
7 3 5
8 4 1
9 4 3
10 5 5
6 5 10
0 1 1
1 1 2
2 2 1
3 2 2
4 3 1
5 3 2
6 4 3
7 4 4
8 5 3
9 5 4
5 6 10
0 1 1
1 1 2
2 1 3
3 2 1
4 2 2
5 2 3
6 3 4 
7 3 5 
8 4 4
9 4 5
8 6 29
0 1 1
1 1 2
2 1 3
3 1 4
4 1 5
5 2 1
6 2 2
7 2 3
8 2 4
9 2 5
10 3 2
11 3 3
12 3 4
13 4 2
14 4 3
15 4 4
16 4 5
17 5 2
18 5 3
19 5 4
20 5 5
21 6 2
22 6 3
23 6 4
24 6 5
25 7 2
26 7 3
27 7 4
28 7 5
6 6 12
0 1 3
1 1 4
2 1 5
3 2 4
4 2 5
5 3 2
6 3 3
7 4 2
8 4 3
9 4 4
10 4 5
11 5 4
5 5 7 
0 1 1
1 2 2
2 3 3
3 2 1
4 3 2
5 4 3
6 1 4
25 25 91
0 1 1
1 1 4
2 1 6
3 1 10
4 2 4
5 2 5
6 2 8
7 3 1
8 3 2
9 3 6
10 4 1
11 4 3
12 4 4
13 5 2
14 5 5
15 5 6
16 5 8
17 6 1
18 6 4
19 6 6
20 6 9
21 7 1
22 7 7
23 7 10
24 8 7
25 8 11
26 8 12
27 9 3
28 9 8
29 9 12
30 10 11
31 11 6
32 11 9
33 13 20
34 13 21
35 13 22
36 13 23
37 13 24
38 14 20
39 14 21
40 14 22
41 14 23
42 14 24
43 15 21
44 15 22
45 15 23
46 16 20
47 16 21
48 16 22
49 16 23
50 17 20
51 17 21
52 17 22
53 17 23
54 18 20
55 18 21
56 18 22
57 18 23
58 19 20
59 19 21
60 19 22
61 19 23
62 20 13
63 20 14
64 20 16
65 20 17
66 20 18
67 20 19
68 21 13
69 21 14
70 21 15
71 21 16
72 21 17
73 21 18
74 21 19
75 22 13
76 22 14
77 22 15
78 22 16
79 22 17
80 22 18
81 22 19
82 23 13
83 23 14
84 23 15
85 23 16
86 23 17
87 23 18
88 23 19
89 24 13
90 24 14
61 61 261
0 1 1
1 1 2
2 1 3
3 1 4
4 1 5
5 2 1
6 2 2
7 2 3
8 2 4
9 2 5
10 3 2
11 3 3
12 3 4
13 4 2
14 4 3
15 4 4
16 4 5
17 5 2
18 5 3
19 5 4
20 5 5
21 6 2
22 6 3
23 6 4
24 6 5
25 7 2
26 7 3
27 7 4
28 7 5
29 8 6
30 8 7
31 8 8
32 8 9
33 8 11
34 8 12
35 9 6
36 9 7
37 9 8
38 9 9
39 9 10
40 9 11
41 9 12
42 10 6
43 10 7
44 10 8
45 10 9
46 10 10
47 10 11
48 10 12
49 11 6
50 11 7
51 11 8
52 11 9
53 11 10
54 11 11
55 11 12
56 12 11
57 12 12
58 13 13
59 13 14
60 14 13
61 14 14
62 14 15
63 14 16
64 14 17
65 14 18
66 14 19
67 15 13
68 15 14
69 15 15
70 15 16
71 15 17
72 15 18
73 15 19
74 16 13
75 16 14
76 16 15
77 16 16
78 16 17
79 16 18
80 16 19
81 17 13
82 17 14
83 17 16
84 17 17
85 17 18
86 17 19
87 18 20
88 18 21
89 18 22
90 18 23
91 19 20
92 19 21
93 19 22
94 19 23
95 20 20
96 20 21
97 20 22
98 20 23
99 21 20
100 21 21
101 21 22
102 21 23
103 22 21
104 22 22
105 22 23
106 23 20
107 23 21
108 23 22
109 23 23
110 23 24
111 24 20
112 24 21
113 24 22
114 24 23
115 24 24
116 25 32
117 25 33
118 25 34
119 25 35
120 25 36
121 26 32
122 26 33
123 26 34
124 26 35
125 26 36
126 27 33
127 27 34
128 27 35
129 28 32
130 28 33
131 28 34
132 28 35
133 29 32
134 29 33
135 29 34
136 29 35
137 30 32
138 30 33
139 30 34
140 30 35
141 31 32
142 31 33
143 31 34
144 31 35
145 32 25
146 32 26
147 32 28
148 32 29
149 32 30
150 32 31
151 33 25
152 33 26
153 33 27
154 33 28
155 33 29
156 33 30
157 33 31
158 34 25
159 34 26
160 34 27
161 34 28
162 34 29
163 34 30
164 34 31
165 35 25
166 35 26
167 35 27
168 35 28
169 35 29
170 35 30
171 35 31
172 36 25
173 36 26
174 37 47
175 37 48
176 38 42
177 38 43
178 38 44
179 38 45
180 38 46
181 38 47
182 38 48
183 39 42
184 39 43
185 39 44
186 39 45
187 39 46
188 39 47
189 39 48
190 40 42
191 40 43
192 40 44
193 40 45
194 40 46
195 40 47
196 40 48
197 41 42
198 41 43
199 41 44
200 41 45
201 41 47
202 41 48
203 42 38
204 42 39
205 42 40
206 42 41
207 43 38
208 43 39
209 43 40
210 43 41
211 44 38
212 44 39
213 44 40
214 44 41
215 45 38
216 45 39
217 45 40
218 45 41
219 46 38
220 46 39
221 46 40
222 47 37
223 47 38
224 47 39
225 47 40
226 47 41
227 48 37
228 48 38
229 48 39
230 48 40
231 48 41
232 49 60
233 50 53
234 50 54
235 51 49
236 51 51
237 51 56
238 51 58
239 52 52
240 53 51
241 53 54
242 53 56
243 53 58
244 53 59
245 54 50
246 54 58
247 54 60
248 55 56
249 55 57
250 55 58
251 56 49
252 56 56
253 57 52
254 57 53
255 57 60
256 58 54
257 59 55
258 59 57
259 60 54
260 60 57
61 61 183
0 1 1
1 1 2
2 1 8
3 2 6
4 2 8
5 3 7
6 3 8
7 4 3
8 4 11
9 4 12
10 5 3
11 5 7
12 6 1
13 6 2
14 6 7
15 6 9
16 7 1
17 7 6
18 7 9
19 7 12
20 8 6
21 9 1
22 9 7
23 9 12
24 10 6
25 10 8
26 11 1
27 11 3
28 11 6
29 11 7
30 11 10
31 11 12
32 12 1
33 12 2
34 12 9
35 12 10
36 12 11
37 12 12
38 13 15
39 13 23
40 14 17
41 14 24
42 15 16
43 16 13
44 17 17
45 17 18
46 17 23
47 18 15
48 18 20
49 19 19
50 19 20
51 19 23
52 20 21
53 21 13
54 21 16
55 21 22
56 22 13
57 22 19
58 22 24
59 23 19
60 23 24
61 24 19
62 25 32
63 25 33
64 25 34
65 25 35
66 25 36
67 26 32
68 26 33
69 26 34
70 26 35
71 26 36
72 27 33
73 27 34
74 27 35
75 28 32
76 28 33
77 28 34
78 28 35
79 29 32
80 29 33
81 29 34
82 29 35
83 30 32
84 30 33
85 30 34
86 30 35
87 31 32
88 31 33
89 31 34
90 31 35
91 32 25
92 32 26
93 32 28
94 32 29
95 32 30
96 32 31
97 33 25
98 33 26
99 33 27
100 33 28
101 33 29
102 33 30
103 33 31
104 34 25
105 34 26
106 34 27
107 34 28
108 34 29
109 34 30
110 34 31
111 35 25
112 35 26
113 35 27
114 35 28
115 35 29
116 35 30
117 35 31
118 36 25
119 36 26
120 37 44
121 37 46
122 38 40
123 38 41
124 38 43
125 39 38
126 39 41
127 39 45
128 39 46
129 41 37
130 41 46
131 41 48
132 42 39
133 42 40
134 42 43
135 42 47
136 43 41
137 43 48
138 44 37
139 44 39
140 44 43
141 44 48
142 45 40
143 45 41
144 45 42
145 45 43
146 45 48
147 46 37
148 46 39
149 46 40
150 46 46
151 46 47
152 46 48
153 47 39
154 48 45
155 49 50
156 50 53
157 50 54
158 50 57
159 51 51
160 51 59
161 52 53
162 52 54
163 52 56
164 53 51
165 53 56
166 54 52
167 54 56
168 55 58
169 56 50
170 56 52
171 56 59
172 57 53
173 57 59
174 58 50
175 58 52
176 58 53
177 59 57
178 59 58
179 60 51
180 60 53
181 60 59
182 60 60
97 97 285
0 1 5
1 2 2
2 2 3
3 2 4
4 2 7
5 3 6
6 3 10
7 4 1
8 5 1
9 5 3
10 5 4
11 5 7
12 5 8
13 5 11
14 6 11
15 7 8
16 7 9
17 9 4
18 9 6
19 9 12
20 10 5
21 10 12
22 11 4
23 11 6
24 11 9
25 12 5
26 12 7
27 12 10
28 13 20
29 13 22
30 14 17
31 14 18
32 14 23
33 15 14
34 15 15
35 15 16
36 16 19
37 16 20
38 16 21
39 16 22
40 16 23
41 17 14
42 19 14
43 19 17
44 19 21
45 20 17
46 20 22
47 20 23
48 21 15
49 21 20
50 21 24
51 22 17
52 22 22
53 22 23
54 23 14
55 23 15
56 23 18
57 24 13
58 24 14
59 24 24
60 26 29
61 26 32
62 26 35
63 27 25
64 27 26
65 28 33
66 28 35
67 29 35
68 30 27
69 30 30
70 30 32
71 30 35
72 31 27
73 31 33
74 31 34
75 31 35
76 32 35
77 34 26
78 34 33
79 35 25
80 35 31
81 35 35
82 36 28
83 37 37
84 37 40
85 37 43
86 37 47
87 38 41
88 39 40
89 39 43
90 39 44
91 39 48
92 40 41
93 40 48
94 41 43
95 42 37
96 42 38
97 42 43
98 43 37
99 43 45
100 44 44
101 45 40
102 45 42
103 45 47
104 46 40
105 46 45
106 46 47
107 46 48
108 47 37
109 47 38
110 47 44
111 47 47
112 48 38
113 48 46
114 48 48
115 49 59
116 49 60
117 50 54
118 50 55
119 50 56
120 50 57
121 50 58
122 50 59
123 50 60
124 51 54
125 51 55
126 51 56
127 51 57
128 51 58
129 51 59
130 51 60
131 52 54
132 52 55
133 52 56
134 52 57
135 52 58
136 52 59
137 52 60
138 53 54
139 53 55
140 53 56
141 53 57
142 53 59
143 53 60
144 54 50
145 54 51
146 54 52
147 54 53
148 55 50
149 55 51
150 55 52
151 55 53
152 56 50
153 56 51
154 56 52
155 56 53
156 57 50
157 57 51
158 57 52
159 57 53
160 58 50
161 58 51
162 58 52
163 59 49
164 59 50
165 59 51
166 59 52
167 59 53
168 60 49
169 60 50
170 60 51
171 60 52
172 60 53
173 61 61
174 61 66
175 62 61
176 62 65
177 62 68
178 63 61
179 63 65
180 63 72
181 64 61
182 64 66
183 64 67
184 64 68
185 65 71
186 66 63
187 66 72
188 67 68
189 67 69
190 67 71
191 68 64
192 68 66
193 68 69
194 68 70
195 68 71
196 69 66
197 69 67
198 69 71
199 70 62
200 70 64
201 71 61
202 71 63
203 71 66
204 71 68
205 71 71
206 72 62
207 72 63
208 73 83
209 73 84
210 74 78
211 74 79
212 74 80
213 74 81
214 74 82
215 74 83
216 74 84
217 75 78
218 75 79
219 75 80
220 75 81
221 75 82
222 75 83
223 75 84
224 76 78
225 76 79
226 76 80
227 76 81
228 76 82
229 76 83
230 76 84
231 77 78
232 77 79
233 77 80
234 77 81
235 77 83
236 77 84
237 78 74
238 78 75
239 78 76
240 78 77
241 79 74
242 79 75
243 79 76
244 79 77
245 80 74
246 80 75
247 80 76
248 80 77
249 81 74
250 81 75
251 81 76
252 81 77
253 82 74
254 82 75
255 82 76
256 83 73
257 83 74
258 83 75
259 83 76
260 83 77
261 84 73
262 84 74
263 84 75
264 84 76
265 84 77
266 85 87
267 85 88
268 87 88
269 88 94
270 88 95
271 89 85
272 90 94
273 91 90
274 92 87
275 92 95
276 93 91
277 93 93
278 95 89
279 95 94
280 96 87
281 96 91
282 96 92
283 96 93
284 96 96
97 97 313
0 1 2
1 1 6
2 1 7
3 1 9
4 2 6
5 2 7
6 3 1
7 3 8
8 3 11
9 4 1
10 4 2
11 4 4
12 4 9
13 5 2
14 5 9
15 6 5
16 6 7
17 6 8
18 7 1
19 7 9
20 8 3
21 8 10
22 9 2
23 9 3
24 9 4
25 9 5
26 9 6
27 10 1
28 10 6
29 10 9
30 11 3
31 11 4
32 11 5
33 12 5
34 12 10
35 12 12
36 13 14
37 13 16
38 13 21
39 15 13
40 15 14
41 15 20
42 15 24
43 16 20
44 17 13
45 17 14
46 17 20
47 18 15
48 19 23
49 21 19
50 21 22
51 22 16
52 22 18
53 22 21
54 22 22
55 22 24
56 24 14
57 24 16
58 24 18
59 24 20
60 24 24
61 25 28
62 25 36
63 26 30
64 26 31
65 27 26
66 27 34
67 28 25
68 28 34
69 29 29
70 30 29
71 30 30
72 30 32
73 31 28
74 31 29
75 31 33
76 31 36
77 32 27
78 32 30
79 33 33
80 33 34
81 34 31
82 35 34
83 36 25
84 36 29
85 37 37
86 37 38
87 37 39
88 37 40
89 37 41
90 38 37
91 38 38
92 38 39
93 38 40
94 38 41
95 39 38
96 39 39
97 39 40
98 40 38
99 40 39
100 40 40
101 40 41
102 41 38
103 41 39
104 41 40
105 41 41
106 42 38
107 42 39
108 42 40
109 42 41
110 43 38
111 43 39
112 43 40
113 43 41
114 44 42
115 44 43
116 44 44
117 44 45
118 44 47
119 44 48
120 45 42
121 45 43
122 45 44
123 45 45
124 45 46
125 45 47
126 45 48
127 46 42
128 46 43
129 46 44
130 46 45
131 46 46
132 46 47
133 46 48
134 47 42
135 47 43
136 47 44
137 47 45
138 47 46
139 47 47
140 47 48
141 48 47
142 48 48
143 50 54
144 50 57
145 50 60
146 51 50
147 51 52
148 51 53
149 51 57
150 51 58
151 52 51
152 52 53
153 52 60
154 53 52
155 53 58
156 54 50
157 54 56
158 54 59
159 54 60
160 55 50
161 55 55
162 55 59
163 55 60
164 56 50
165 56 58
166 57 50
167 57 51
168 57 52
169 57 59
170 58 53
171 58 54
172 58 60
173 60 51
174 60 54
175 60 55
176 60 60
177 61 61
178 61 62
179 61 63
180 61 64
181 61 65
182 62 61
183 62 62
184 62 63
185 62 64
186 62 65
187 63 62
188 63 63
189 63 64
190 64 62
191 64 63
192 64 64
193 64 65
194 65 62
195 65 63
196 65 64
197 65 65
198 66 62
199 66 63
200 66 64
201 66 65
202 67 62
203 67 63
204 67 64
205 67 65
206 68 66
207 68 67
208 68 68
209 68 69
210 68 71
211 68 72
212 69 66
213 69 67
214 69 68
215 69 69
216 69 70
217 69 71
218 69 72
219 70 66
220 70 67
221 70 68
222 70 69
223 70 70
224 70 71
225 70 72
226 71 66
227 71 67
228 71 68
229 71 69
230 71 70
231 71 71
232 71 72
233 72 71
234 72 72
235 73 75
236 74 77
237 74 78
238 74 81
239 75 77
240 76 76
241 77 76
242 77 79
243 78 73
244 78 76
245 79 75
246 79 81
247 80 75
248 80 76
249 80 83
250 81 74
251 81 77
252 84 75
253 84 76
254 84 79
255 85 85
256 85 86
257 85 87
258 85 88
259 85 89
260 86 85
261 86 86
262 86 87
263 86 88
264 86 89
265 87 86
266 87 87
267 87 88
268 88 86
269 88 87
270 88 88
271 88 89
272 89 86
273 89 87
274 89 88
275 89 89
276 90 86
277 90 87
278 90 88
279 90 89
280 91 86
281 91 87
282 91 88
283 91 89
284 92 90
285 92 91
286 92 92
287 92 93
288 92 95
289 92 96
290 93 90
291 93 91
292 93 92
293 93 93
294 93 94
295 93 95
296 93 96
297 94 90
298 94 91
299 94 92
300 94 93
301 94 94
302 94 95
303 94 96
304 95 90
305 95 91
306 95 92
307 95 93
308 95 94
309 95 95
310 95 96
311 96 95
312 96 96
97 97 285
0 1 2
1 1 9
2 2 8
3 2 9
4 2 10
5 3 3
6 3 4
7 3 5
8 3 8
9 3 12
10 4 4
11 5 10
12 5 12
13 8 10
14 8 11
15 9 3
16 9 6
17 10 3
18 10 4
19 10 6
20 10 10
21 10 12
22 11 2
23 11 3
24 11 9
25 11 10
26 11 12
27 12 10
28 12 11
29 13 16
30 14 20
31 15 13
32 16 13
33 16 17
34 16 22
35 17 15
36 17 21
37 18 19
38 18 21
39 19 14
40 19 24
41 20 14
42 20 18
43 21 17
44 21 23
45 22 18
46 22 21
47 22 24
48 23 13
49 23 15
50 23 17
51 24 21
52 25 32
53 25 33
54 25 34
55 25 35
56 25 36
57 26 32
58 26 33
59 26 34
60 26 35
61 26 36
62 27 33
63 27 34
64 27 35
65 28 32
66 28 33
67 28 34
68 28 35
69 29 32
70 29 33
71 29 34
72 29 35
73 30 32
74 30 33
75 30 34
76 30 35
77 31 32
78 31 33
79 31 34
80 31 35
81 32 25
82 32 26
83 32 28
84 32 29
85 32 30
86 32 31
87 33 25
88 33 26
89 33 27
90 33 28
91 33 29
92 33 30
93 33 31
94 34 25
95 34 26
96 34 27
97 34 28
98 34 29
99 34 30
100 34 31
101 35 25
102 35 26
103 35 27
104 35 28
105 35 29
106 35 30
107 35 31
108 36 25
109 36 26
110 37 37
111 37 39
112 37 41
113 37 43
114 37 47
115 38 41
116 39 40
117 40 41
118 40 42
119 40 45
120 41 37
121 41 44
122 41 48
123 42 42
124 42 47
125 42 48
126 44 40
127 44 44
128 45 38
129 45 40
130 45 41
131 45 44
132 45 45
133 46 38
134 46 39
135 46 41
136 47 44
137 48 41
138 48 48
139 49 58
140 50 54
141 50 58
142 50 59
143 51 54
144 51 57
145 52 49
146 52 52
147 53 51
148 53 58
149 53 60
150 54 52
151 54 56
152 55 50
153 55 51
154 55 53
155 56 55
156 56 60
157 57 52
158 57 53
159 58 53
160 58 54
161 58 55
162 58 58
163 58 59
164 59 54
165 59 55
166 60 51
167 61 68
168 62 61
169 62 67
170 63 68
171 63 72
172 64 66
173 64 70
174 64 72
175 65 62
176 65 64
177 66 62
178 66 66
179 67 63
180 67 65
181 67 66
182 67 70
183 68 62
184 68 72
185 69 64
186 69 72
187 70 69
188 70 72
189 71 61
190 71 63
191 71 64
192 71 65
193 71 68
194 72 63
195 72 64
196 72 70
197 72 71
198 73 73
199 73 74
200 74 73
201 74 74
202 74 75
203 74 76
204 74 77
205 74 78
206 74 79
207 75 73
208 75 74
209 75 75
210 75 76
211 75 77
212 75 78
213 75 79
214 76 73
215 76 74
216 76 75
217 76 76
218 76 77
219 76 78
220 76 79
221 77 73
222 77 74
223 77 76
224 77 77
225 77 78
226 77 79
227 78 80
228 78 81
229 78 82
230 78 83
231 79 80
232 79 81
233 79 82
234 79 83
235 80 80
236 80 81
237 80 82
238 80 83
239 81 80
240 81 81
241 81 82
242 81 83
243 82 81
244 82 82
245 82 83
246 83 80
247 83 81
248 83 82
249 83 83
250 83 84
251 84 80
252 84 81
253 84 82
254 84 83
255 84 84
256 85 96
257 86 91
258 86 93
259 86 96
260 87 96
261 88 90
262 88 95
263 89 91
264 89 93
265 90 87
266 90 92
267 90 93
268 90 94
269 91 85
270 91 87
271 91 93
272 92 85
273 92 90
274 92 92
275 93 85
276 93 91
277 94 89
278 94 96
279 95 88
280 95 90
281 95 95
282 96 87
283 96 91
284 96 92
97 97 378
0 1 1
1 1 2
2 1 3
3 1 4
4 1 5
5 2 1
6 2 2
7 2 3
8 2 4
9 2 5
10 3 2
11 3 3
12 3 4
13 4 2
14 4 3
15 4 4
16 4 5
17 5 2
18 5 3
19 5 4
20 5 5
21 6 2
22 6 3
23 6 4
24 6 5
25 7 2
26 7 3
27 7 4
28 7 5
29 8 6
30 8 7
31 8 8
32 8 9
33 8 11
34 8 12
35 9 6
36 9 7
37 9 8
38 9 9
39 9 10
40 9 11
41 9 12
42 10 6
43 10 7
44 10 8
45 10 9
46 10 10
47 10 11
48 10 12
49 11 6
50 11 7
51 11 8
52 11 9
53 11 10
54 11 11
55 11 12
56 12 11
57 12 12
58 13 13
59 13 14
60 14 13
61 14 14
62 14 15
63 14 16
64 14 17
65 14 18
66 14 19
67 15 13
68 15 14
69 15 15
70 15 16
71 15 17
72 15 18
73 15 19
74 16 13
75 16 14
76 16 15
77 16 16
78 16 17
79 16 18
80 16 19
81 17 13
82 17 14
83 17 16
84 17 17
85 17 18
86 17 19
87 18 20
88 18 21
89 18 22
90 18 23
91 19 20
92 19 21
93 19 22
94 19 23
95 20 20
96 20 21
97 20 22
98 20 23
99 21 20
100 21 21
101 21 22
102 21 23
103 22 21
104 22 22
105 22 23
106 23 20
107 23 21
108 23 22
109 23 23
110 23 24
111 24 20
112 24 21
113 24 22
114 24 23
115 24 24
116 25 25
117 27 27
118 27 33
119 28 26
120 28 27
121 28 28
122 29 25
123 29 26
124 29 27
125 29 33
126 30 27
127 31 34
128 32 28
129 32 29
130 33 25
131 33 27
132 33 28
133 34 29
134 34 35
135 35 26
136 35 32
137 35 33
138 36 27
139 36 31
140 36 34
141 37 37
142 37 38
143 37 44
144 37 46
145 38 38
146 38 39
147 38 40
148 38 44
149 38 46
150 39 42
151 40 37
152 40 41
153 41 42
154 41 46
155 42 39
156 42 42
157 42 46
158 42 48
159 43 40
160 43 46
161 43 48
162 44 46
163 45 38
164 45 39
165 45 41
166 45 47
167 46 47
168 47 47
169 48 41
170 48 45
171 49 49
172 49 50
173 50 49
174 50 50
175 50 51
176 50 52
177 50 53
178 50 54
179 50 55
180 51 49
181 51 50
182 51 51
183 51 52
184 51 53
185 51 54
186 51 55
187 52 49
188 52 50
189 52 51
190 52 52
191 52 53
192 52 54
193 52 55
194 53 49
195 53 50
196 53 52
197 53 53
198 53 54
199 53 55
200 54 56
201 54 57
202 54 58
203 54 59
204 55 56
205 55 57
206 55 58
207 55 59
208 56 56
209 56 57
210 56 58
211 56 59
212 57 56
213 57 57
214 57 58
215 57 59
216 58 57
217 58 58
218 58 59
219 59 56
220 59 57
221 59 58
222 59 59
223 59 60
224 60 56
225 60 57
226 60 58
227 60 59
228 60 60
229 61 61
230 61 62
231 61 63
232 61 64
233 61 65
234 62 61
235 62 62
236 62 63
237 62 64
238 62 65
239 63 62
240 63 63
241 63 64
242 64 62
243 64 63
244 64 64
245 64 65
246 65 62
247 65 63
248 65 64
249 65 65
250 66 62
251 66 63
252 66 64
253 66 65
254 67 62
255 67 63
256 67 64
257 67 65
258 68 66
259 68 67
260 68 68
261 68 69
262 68 71
263 68 72
264 69 66
265 69 67
266 69 68
267 69 69
268 69 70
269 69 71
270 69 72
271 70 66
272 70 67
273 70 68
274 70 69
275 70 70
276 70 71
277 70 72
278 71 66
279 71 67
280 71 68
281 71 69
282 71 70
283 71 71
284 71 72
285 72 71
286 72 72
287 73 80
288 73 81
289 73 82
290 73 83
291 73 84
292 74 80
293 74 81
294 74 82
295 74 83
296 74 84
297 75 81
298 75 82
299 75 83
300 76 80
301 76 81
302 76 82
303 76 83
304 77 80
305 77 81
306 77 82
307 77 83
308 78 80
309 78 81
310 78 82
311 78 83
312 79 80
313 79 81
314 79 82
315 79 83
316 80 73
317 80 74
318 80 76
319 80 77
320 80 78
321 80 79
322 81 73
323 81 74
324 81 75
325 81 76
326 81 77
327 81 78
328 81 79
329 82 73
330 82 74
331 82 75
332 82 76
333 82 77
334 82 78
335 82 79
336 83 73
337 83 74
338 83 75
339 83 76
340 83 77
341 83 78
342 83 79
343 84 73
344 84 74
345 85 86
346 86 89
347 86 94
348 86 96
349 87 85
350 87 87
351 87 88
352 87 90
353 87 91
354 88 85
355 88 87
356 88 91
357 88 94
358 89 86
359 90 85
360 90 89
361 90 91
362 90 92
363 90 95
364 91 87
365 92 86
366 92 96
367 93 88
368 93 89
369 93 91
370 94 86
371 94 96
372 95 88
373 95 91
374 95 96
375 96 88
376 96 95
377 96 96
0
