17
10 9 12 11 13 14 17 16 15 5 6 7 8 3 4 1 2
9 8 11 10 12 13 16 15 14 4 5 6 7 2 3 17 1
5 6 7 8 2 1 4 3 12 11 9 10 14 13 16 17 15
8 7 5 6 3 4 1 2 14 13 16 17 15 11 12 9 10
10 9 12 11 14 13 17 16 15 2 1 4 3 5 6 7 8
17 16 15 13 14 12 11 10 9 4 3 1 2 7 8 6 5
8 7 5 6 4 3 1 2 9 10 11 12 16 17 15 14 13
13 14 15 17 16 12 11 10 9 2 1 3 4 6 5 7 8
10 9 12 11 15 16 17 13 14 2 1 3 4 8 7 6 5
8 9 6 7 5 4 1 2 3 13 12 11 10 15 14 17 16
16 17 15 14 13 9 10 12 11 4 3 2 1 6 5 8 7
10 9 12 11 13 14 17 16 15 5 6 7 8 3 4 1 2
9 10 12 11 16 17 15 13 14 1 2 3 4 5 6 8 7
